1	187456627
1	187457746
1	187458075
1	187458149
1	187458403
1	187458505
1	187458729
1	187458973
1	187459037
1	187459147
1	187459262
1	187459983
1	187460062
1	187460149
1	187460411
1	187460509
1	187460539
1	187460540
1	187460898
1	187461339
1	187461464
1	187461465
1	187461719
1	187462256
1	187463019
1	187463316
1	187463986
1	187464114
1	187464591
1	187464747
1	187468069
1	187469590
1	187469836
1	187472108
1	187483652
1	187484108
1	187490106
1	187500338
1	187509800
1	187513002
1	187519307
1	187521077
1	187457172
1	187458748
1	187471232
1	187473507
1	187473535
1	187475006
1	187476678
1	187477244
1	187477436
1	187479278
1	187480387
1	187480703
1	187481896
1	187485134
1	187491886
1	187508554
1	187509656
1	187511957
1	187514495
1	187523251
1	187523521
1	187523528
1	187523537
1	187474016
1	187485201
1	187485832
1	187501925
1	187505273
1	187510718
1	187513435
1	187514629
1	187521377
1	187523038
1	187440916
1	187441275
1	187442436
1	187442889
1	187443009
1	187443026
1	187443751
1	187445049
1	187446720
1	187447372
1	187447714
1	187447839
1	187448215
1	187448538
1	187448669
1	187449123
1	187450016
1	187450862
1	187452426
1	187452699
1	187453279
1	187453627
1	187455429
1	187455887
1	197363308
1	197365149
1	197366143
1	197368231
1	197368840
1	197377171
1	197379842
1	197392067
1	197396108
1	197402190
1	197407886
1	197408660
1	197413165
1	197413166
1	197436039
1	197452162
1	197453203
1	197458119
1	197459805
1	197508265
1	197512778
1	197519849
1	197521810
1	197525439
1	197528149
1	197528805
1	197529264
1	197529577
1	197530702
1	197535452
1	197540349
1	197542106
1	197545307
1	197545720
1	197546426
1	197549551
1	197551514
1	197555519
1	197556904
1	197557272
1	197559835
1	197560485
1	197565337
1	197565832
1	197566302
1	197570656
1	197571246
1	197572672
1	197580452
1	197582601
1	197582809
1	197584553
1	197588006
1	197592568
1	197595240
1	197595282
1	197596035
1	197596196
1	197597469
1	197598249
1	197599552
1	197601092
1	197601668
1	197604105
1	197604346
1	197605099
1	197608199
1	197612109
1	197612551
1	197612759
1	197612994
1	197613756
1	197615391
1	197619932
1	197626708
1	197626823
1	197632910
1	197635605
1	197650505
1	197652602
1	197653036
1	197657361
1	197659555
1	197660143
1	197664819
1	197667733
1	197674778
1	197683590
1	197683807
1	197684499
1	197685151
1	197693127
1	197698103
1	197711492
1	197711668
1	197712400
1	197712529
1	197712532
1	197713783
1	197722117
1	197723747
1	197727298
1	197728734
1	197728843
1	197733055
1	197733942
1	197738325
1	197738327
1	197739777
1	197740213
1	197742171
1	197746486
1	197746925
1	197747777
1	197749669
1	197749868
1	197753074
1	197753136
1	197754064
1	197754947
1	197754967
1	197755343
1	197755364
1	197755646
1	197756223
1	197756433
1	197756464
1	197756577
1	197756784
1	197757072
1	197757549
1	197757670
1	197757736
1	197757757
1	197758154
1	197758223
1	197758268
1	197758388
1	197758574
1	197758895
1	197759228
1	197759335
1	197759985
1	197760067
1	197760153
1	197760176
1	197760180
1	197760754
1	197762096
1	197762475
1	197762525
1	197763291
1	197763418
1	197764553
1	197764584
1	197765209
1	197765345
1	197765500
1	197766564
1	197767120
1	197767841
1	197767978
1	197768165
1	197768507
1	197768696
1	197769540
1	197769662
1	197769670
1	197769821
1	197769861
1	197772265
1	197773267
1	197773277
1	197773646
1	197774250
1	197774287
1	197775030
1	197775102
1	197775931
1	197776255
1	197780558
1	197780625
1	197780744
1	197782736
1	197782984
1	197783075
1	197784120
1	197786154
1	197789256
1	197790943
1	197792255
1	197795018
1	197797447
1	197802336
1	197804420
1	197805380
1	197806129
1	197807894
1	197810079
1	197810649
1	197813032
1	197814759
1	197817740
1	197820945
1	197821769
1	197822172
1	197312162
1	197315402
1	197316239
1	197316435
1	197320786
1	197322520
1	197324195
1	197324200
1	197329041
1	197329535
1	197330185
1	197332157
1	197333779
1	197337830
1	197339479
1	197343950
1	197351039
1	197351554
1	197352969
1	197512789
1	197515715
1	197515777
1	197520273
1	197521877
1	197522671
1	197522958
1	197527615
1	197528329
1	197528488
1	197529218
1	197534354
1	197534609
1	197536225
1	197536705
1	197537029
1	197538543
1	197540207
1	197541560
1	197545199
1	197546459
1	197546891
1	197547491
1	197548670
1	197548933
1	197554134
1	197557552
1	197561182
1	197561407
1	197569657
1	197570018
1	197570370
1	197571239
1	197571577
1	197571885
1	197573318
1	197574174
1	197580084
1	197583281
1	197583843
1	197596505
1	197606708
1	197615669
1	197619068
1	197629342
1	197639240
1	197657149
1	197658799
1	197660008
1	197664395
1	197676205
1	197694037
1	197699699
1	197702225
1	197707150
1	197708342
1	197714748
1	197714750
1	197733453
1	197735497
1	197738780
1	197746995
1	197749370
1	197751482
1	197758439
1	197758569
1	197760172
1	197761713
1	197766004
1	197774749
1	197787719
1	197793687
1	197800040
1	197800965
1	197804893
1	197805570
1	197814685
1	197815302
1	197818024
1	197729197
1	197769890
1	197867662
1	197874385
1	197508901
1	197882534
1	199011539
1	198990494
1	199134034
1	199134504
1	196293595
1	196346474
1	196517954
1	196618921
1	196644040
1	196698571
1	196699735
1	196850544
1	196886383
1	196894473
1	196894730
1	196896938
1	196912592
1	197031782
1	197305385
1	197371997
1	197437848
1	197549254
1	197599579
1	197677084
1	197716307
1	197770053
1	197776415
1	197864247
1	197906311
1	197937020
1	198006117
1	198079373
1	198246636
1	198274479
1	198474059
1	199060976
1	199212105
1	199255919
1	197520243
1	197812165
1	197823052
1	197825654
1	197533525
1	205024573
1	205096895
1	205099399
1	205100480
1	205102913
1	205103070
1	205105887
1	205105917
1	205106238
1	205106646
1	205107478
1	205107497
1	205108211
1	205110452
1	205110946
1	205114665
1	205117043
1	205118187
1	205122529
1	205123534
1	205128059
1	205132497
1	205133593
1	205137578
1	205140158
1	205140305
1	205141086
1	205141232
1	205141592
1	205143469
1	205143639
1	205144014
1	205145005
1	205145423
1	205146460
1	205146726
1	205148592
1	205149508
1	205149657
1	205149717
1	205150426
1	205150784
1	205151293
1	205151877
1	205152932
1	205153208
1	205153312
1	205155753
1	205156080
1	205157100
1	205158183
1	205158280
1	205160074
1	205161829
1	205163057
1	205163946
1	205164580
1	205164650
1	205168569
1	205168614
1	205169474
1	205169613
1	205170283
1	205172175
1	205173101
1	205173134
1	205173519
1	205175401
1	205175527
1	205176208
1	205176865
1	205177617
1	205178526
1	205178606
1	205178607
1	205178609
1	205178610
1	205179130
1	205179457
1	205181200
1	205181526
1	205182031
1	205182563
1	205182872
1	205186211
1	205188684
1	205189377
1	205191986
1	205205072
1	205205347
1	205205784
1	205207015
1	205209530
1	205210415
1	205213024
1	205220087
1	205220639
1	205220661
1	205221659
1	205221861
1	205224758
1	205015284
1	205015699
1	205015799
1	205034852
1	205035455
1	205036040
1	205094546
1	205123184
1	205234428
1	205239121
1	205242901
1	205249690
1	205150784
1	205015717
1	205015920
1	205016698
1	205018622
1	205023014
1	205023349
1	205024302
1	205024857
1	205028883
1	205028915
1	205029854
1	205039288
1	205040943
1	205041015
1	205041465
1	205041952
1	205043250
1	205126889
1	205269501
1	205187218
1	205200087
1	205200890
1	205201320
1	205044842
1	205046894
1	205048482
1	205048616
1	205051828
1	205061534
1	205062433
1	205070522
1	205072317
1	205076217
1	205077033
1	205080963
1	205081583
1	205082443
1	205085358
1	205087683
1	205090433
1	205091105
1	205094451
1	205095845
1	205099959
1	205101554
1	205102726
1	205107793
1	205108527
1	205109019
1	205109082
1	205111275
1	205112911
1	205113595
1	205113596
1	205113833
1	205114493
1	205115150
1	205115428
1	205115739
1	205116635
1	205119113
1	205119562
1	205119581
1	205120640
1	205120819
1	205123061
1	205124174
1	205124444
1	205124871
1	205125662
1	205125859
1	205127048
1	205129319
1	205129916
1	205132350
1	205132504
1	205133876
1	205134090
1	205134829
1	205134987
1	205135149
1	205135434
1	205152210
1	205152596
1	205153454
1	205155177
1	205157759
1	205161949
1	205162998
1	205165322
1	205167799
1	205170627
1	205173866
1	205183242
1	205185583
1	205186206
1	205187271
1	205195231
1	205199844
1	205202122
1	205205911
1	205206960
1	205213580
1	205213883
1	205216110
1	205028581
1	205030862
1	205031744
1	205031769
1	205037354
1	205039295
1	205041158
1	205041480
1	205042583
1	205051881
1	205056301
1	205069404
1	205078167
1	205093253
1	205097860
1	205098043
1	205100242
1	205103023
1	205119981
1	205134284
1	205140582
1	205145604
1	205149325
1	205149590
1	205167962
1	205170763
1	205184731
1	205186873
1	205193001
1	205195114
1	205195831
1	205199570
1	205200019
1	205202439
1	205203178
1	205206207
1	205210304
1	205215474
1	205217244
1	205218526
1	205220981
1	205222659
1	205222945
1	205224453
1	205225285
1	205257338
1	205261157
1	205262503
16	75241394
16	75242867
16	75251299
16	75253804
16	75254966
16	75256251
16	75259478
16	75260241
16	75261329
16	75262425
16	75268120
16	75275547
16	75276295
16	75278795
16	75278841
16	75282247
16	75294232
16	75300179
16	75300708
16	75222006
16	75224733
16	75224971
16	75225044
16	75230015
16	75230638
16	75230739
16	75231741
16	75232384
16	75233026
16	75235434
16	75238103
16	75241676
16	75255962
16	75260797
16	75263974
16	75267676
16	75268055
16	75268245
16	75269267
16	75272512
16	75274282
16	75277344
16	75279510
16	75285164
16	75296001
16	75255217
16	75219159
16	75220009
16	75221851
16	75223491
16	75225548
16	74656795
16	74942014
16	74945082
16	74946016
16	74948843
16	85185112
16	85185659
16	85187113
16	85187541
16	85187912
16	85187917
16	85187926
16	85188294
16	85188508
16	85188526
16	85188611
16	85188639
16	85188970
16	85188984
16	85189155
16	85189217
16	85189550
16	85189600
16	85189677
16	85189706
16	85189936
16	85190230
16	85190466
16	85190554
16	85181955
16	85182218
16	85182223
16	85184699
16	85185814
16	85186264
16	85187170
16	85189891
16	85193614
16	85195110
16	85195601
16	85200278
16	85201970
16	85203878
16	85184710
16	85188190
16	85189262
16	85192955
16	85195422
16	85196845
16	85197980
16	85181723
16	85181875
16	85186734
16	85205523
16	85206732
16	85206958
16	85207028
16	85177378
16	85178472
16	85178520
16	85178730
16	85179401
16	85208657
16	85215349
16	85184860
16	85184975
2	138983212
2	138983622
2	138985765
2	138988287
2	138992531
2	138994348
2	138997143
2	138998612
2	138998691
2	139001219
2	139001683
2	139002103
2	139002261
2	139002340
2	139003122
2	139003328
2	139004195
2	139004286
2	139004361
2	139004501
2	139004778
2	139004949
2	139006232
2	139006687
2	139006881
2	139006883
2	139008315
2	139008470
2	139008811
2	139009088
2	139009724
2	139009726
2	139010233
2	139010272
2	139011837
2	139012271
2	139012883
2	139012938
2	139012942
2	139013148
2	139013402
2	139014079
2	139014986
2	139015050
2	139016189
2	139016248
2	139016676
2	139016883
2	139016884
2	139017053
2	139017604
2	139018066
2	139018584
2	139018922
2	139019519
2	139019547
2	139019911
2	139020048
2	139020598
2	139021259
2	139021512
2	139021620
2	139021621
2	139022118
2	139022324
2	139022947
2	139023338
2	139024379
2	139024385
2	139024611
2	139024983
2	139025740
2	139027153
2	139028132
2	139028200
2	139028497
2	139029029
2	139029140
2	139029190
2	139029250
2	139029602
2	139030401
2	139030670
2	139031029
2	139031341
2	139031768
2	139031769
2	139031841
2	139032199
2	139032267
2	139032435
2	139034238
2	139034408
2	139034998
2	139035097
2	139036688
2	139036797
2	139037204
2	139037456
2	139037982
2	139038226
2	139039582
2	139039922
2	139040255
2	139040517
2	139040647
2	139041055
2	139042951
2	139042979
2	139043418
2	139044237
2	139044380
2	139044852
2	139045972
2	139046301
2	139046385
2	139046698
2	139046770
2	139047013
2	139048054
2	139048542
2	139049315
2	139049443
2	139049505
2	139050881
2	139051048
2	139051821
2	139052457
2	139053314
2	139054711
2	139054836
2	139055300
2	139056467
2	138998155
2	139005559
2	139010933
2	139045445
2	139052164
2	139057105
2	139059515
2	139060160
2	139061051
2	139065003
2	139116535
2	139055626
2	225280521
2	225281151
2	225281206
2	225281602
2	225282465
2	225282778
2	225283029
2	225283102
2	225283121
2	225283310
2	225283334
2	225283775
2	225283962
2	225284259
2	225284360
2	225284682
2	225285470
2	225286036
2	225286083
2	225286383
2	225286570
2	225286639
2	225286791
2	225286800
2	225287469
2	225287486
2	225287551
2	225287566
2	225287717
2	225287719
2	225287891
2	225288043
2	225288147
2	225288176
2	225288219
2	225288629
2	225288690
2	225288783
2	225288871
2	225289178
2	225289532
2	225289556
2	225289879
2	225289901
2	225290379
2	225290412
2	225290435
2	225290456
2	225290595
2	225290691
2	225291370
2	225291465
2	225292553
2	225292912
2	225292994
2	225293000
2	225294173
2	225294467
2	225295341
2	225295450
2	225295654
2	225296091
2	225296927
2	225296931
2	225296935
2	225296998
2	225297929
2	225297984
2	225297985
2	225298060
2	225298061
2	225298481
2	225298482
2	225298738
2	225299023
2	225299163
2	225299489
2	225299930
2	225300124
2	225300192
2	225300206
2	225300313
2	225300505
2	225300818
2	225300834
2	225301018
2	225301731
2	225301872
2	225302079
2	225302172
2	225302237
2	225302513
2	225302739
2	225303399
2	225304185
2	225304586
2	225304671
2	225304694
2	225305225
2	225305226
2	225278693
2	225286049
2	225288939
2	225306522
2	225300696
2	225264547
2	225265645
2	225267000
2	225268300
2	225270131
2	225271467
2	225272556
2	225272557
2	225281142
2	225281331
2	225282524
2	225283375
2	225285539
2	225285997
2	225286340
2	225290792
2	225297866
2	225299566
2	225300306
2	225301027
2	225301205
2	225304551
2	225304625
2	225305871
2	225333012
2	225466385
2	225274273
2	225269975
2	225279073
2	225285999
21	28003060
21	28003072
21	28009495
21	28009509
21	28009526
21	28009904
21	28009972
21	28010351
21	28011292
21	28011939
21	28012621
21	28012641
21	28012688
21	28012985
21	28013008
21	28013149
21	28013409
21	28014082
21	28014220
21	28014500
21	28014823
21	28015299
21	28015738
21	28016078
21	28016187
21	28016189
21	28016212
21	28016515
21	28016748
21	28016842
21	28017588
21	28017711
21	28017834
21	28018108
21	28018301
21	28018585
21	28019065
21	28019276
21	28019654
21	28019836
21	28020126
21	28020217
21	28020534
21	28020653
21	28020743
21	28021624
21	28021654
21	28021696
21	28021697
21	28022267
21	28022600
21	28023105
21	28023370
21	28024135
21	28020478
21	28024225
21	28023168
21	28009519
21	28010079
21	28010444
21	28011226
21	28012278
21	28012873
21	28013788
21	28013972
21	28015035
21	28015214
21	28016444
21	28019113
21	27929257
21	27934929
21	27982573
21	27990935
21	27993089
21	27999356
21	28001408
21	28002119
21	28002154
21	28002391
21	28002587
21	28002707
21	28002874
21	28002941
21	28003077
21	28003078
21	28003313
21	28003334
21	28003444
21	28004253
21	28004258
21	28004723
21	28004726
21	28004914
21	28004915
21	28005018
21	28005093
21	28005477
21	28005977
21	28006526
21	28006533
21	28006673
21	28006715
21	28007281
21	28007500
21	28007564
21	28008257
21	28008346
21	28009087
21	28010682
21	28011141
21	28011499
21	28015541
21	28015542
21	28015926
21	28016147
21	28021472
21	27964593
21	27968009
21	27968714
21	27968935
21	27970165
21	27974575
21	27977823
21	27979181
21	27983489
21	27987461
21	27988758
21	27988908
21	27989601
21	27990836
21	27991379
21	27991640
21	27992265
21	27992655
21	27995061
21	27995084
21	27995125
21	27995365
21	27995486
21	27996369
21	27997211
21	27997710
21	27998061
21	27998077
21	27998471
21	27998595
21	28003037
21	28003039
21	28003040
21	28003041
21	28003042
21	28003043
21	28003044
21	28003045
21	28003046
21	28003047
21	28003049
21	28003051
21	28008077
21	28011313
21	28012010
21	28014880
21	28017065
21	27999007
5	63738523
5	63738572
5	63738815
5	63740288
5	63745097
5	63746701
5	63746948
5	63748242
5	63753031
5	63758237
5	63758389
5	63760012
5	63761572
5	63762212
5	63766432
5	63767108
5	63768688
5	63778163
5	63780792
5	63782947
5	63784156
5	63736385
5	63547511
5	63676900
5	63685554
5	63688426
5	63693560
5	63698408
5	63698809
5	63698828
5	63699737
5	63699756
5	63701270
5	63708388
5	63717472
5	63719213
5	63719461
5	63723419
5	63730404
5	63731862
5	63734463
6	31003436
6	31003523
6	31005139
6	31006092
6	31006247
6	31006855
6	31007590
6	31007866
6	31007968
6	31008036
6	31008039
6	31008368
6	31008818
6	31009195
6	31009198
6	31009209
6	31009235
6	31009302
6	31009649
6	31009742
6	31009934
6	31012032
6	31012050
6	31012137
6	31012263
6	31012730
6	31012889
6	31012996
6	31013541
6	31014009
6	31014010
6	31014116
6	31014541
6	31014823
6	31015182
6	31016660
6	31021325
6	31023813
6	31048992
6	31016914
6	31017334
6	31017634
6	31018407
6	31018842
6	31019475
6	31019495
6	31020057
6	31020360
6	31020631
6	31020821
6	31021504
6	31021547
6	31021630
6	31057614
6	31062667
6	31063601
6	31067211
6	31071254
6	31074030
6	31075983
6	31010683
6	31011013
6	31011247
6	31012033
6	31012466
6	31013085
6	31303394
6	31320810
6	31046494
6	31010200
6	31012940
6	31012941
6	31016146
6	31016978
6	31017347
6	31017553
6	31018448
6	31018546
6	31018787
6	31019215
6	31019517
6	31020152
6	31001038
6	31002013
6	31002301
6	31008598
6	31009137
6	31012879
6	31012880
6	31025713
6	30997816
6	30998055
6	31005726
6	31015251
6	30993499
6	89916046
6	89916641
6	89916917
6	89918562
6	89923950
6	89923951
6	89924589
6	89931582
6	89931955
6	89956794
6	89961915
6	89963796
6	89897917
6	89898708
6	89900599
6	89917551
6	89917803
6	89918243
6	89918728
6	89920494
6	89920639
6	89921623
6	89921705
6	89921713
6	89922294
6	89922302
6	89922307
6	89922543
6	89922546
6	89922554
6	89923279
6	89923493
6	89923571
6	89923703
6	89923912
6	89924405
6	89926962
6	89928702
6	89932204
6	89932920
6	89933008
6	89933400
6	89934979
6	89936335
6	89940235
6	89941333
6	89941356
6	89942401
6	89943430
6	89945580
6	89947595
6	89948015
6	89948034
6	89950960
6	89952230
6	89954287
6	89954461
6	89955124
6	89959080
6	89916100
6	89916337
6	107186200
6	106501839
6	107013746
6	107038926
6	107102983
6	107104327
6	107150693
6	106406066
6	105717123
6	105905469
6	105912039
6	105919042
6	106033798
6	106045464
6	106057525
6	106102868
6	106103391
6	106133701
6	106179943
6	106214070
6	106239861
6	106264088
6	106272315
6	106275300
6	106280958
6	106469654
6	106481351
6	106537684
6	106586218
6	106695585
6	106722000
6	106782292
6	106825491
6	106941883
6	107250711
6	107251035
6	107314983
6	107329443
6	107332074
6	107541586
6	107573385
6	107582165
6	107604958
6	107690317
6	107785060
6	107830610
6	107968243
6	107987217
6	108026220
6	108239419
6	108345886
6	108352438
6	108465620
6	108548676
7	70385783
7	70385942
7	70386023
7	70389811
7	70396442
7	70398437
7	70398441
7	70399417
7	70400700
7	70404146
7	70405492
7	70405566
7	70405589
7	70406085
7	70406421
7	70406624
7	70406744
7	70407511
7	70407537
7	70408266
7	70408761
7	70408829
7	70409319
7	70409680
7	70410302
7	70411775
7	70411861
7	70414316
7	70416214
7	70416886
7	70418732
7	70418844
7	70419818
7	70419914
7	70419994
7	70420012
7	70420405
7	70420408
7	70430136
7	70435977
7	70437060
7	70440091
7	70441601
7	70442982
7	70448027
7	70457553
7	70458309
7	70459875
7	70465729
7	70394961
7	70396520
7	70396558
7	70396792
7	70396888
7	70397051
7	70397146
7	70397241
7	70397629
7	70398046
7	70398069
7	70398757
7	70399148
7	70399149
7	70399575
7	70400172
7	70400559
7	70400728
7	70401254
7	70404645
7	70404717
7	70404837
7	70406714
7	70406893
7	70407435
7	70409759
7	70410534
7	70411823
7	70413926
7	70414732
7	70414855
7	70416834
7	70426369
7	70427781
7	70428640
7	70439182
7	70447583
7	70451189
7	70453467
7	70455966
7	70457616
7	70457681
7	70462013
7	70463027
7	70463034
7	70443501
7	70432855
7	70416263
7	70438855
7	70456617
9	76881401
9	76888531
9	76894518
9	76899036
9	76903371
9	76904587
9	76905178
9	76906920
9	76907444
9	76908607
9	76908691
9	76909386
9	76911133
9	76911161
9	76791828
9	76792227
9	76792670
9	76792734
9	76793127
9	76795159
9	76795180
9	76795818
9	76795970
9	76796334
9	76796661
9	76797748
9	76799707
9	76799817
9	76800566
9	76800597
9	76801141
9	76802887
9	76803578
9	76804352
9	76804458
9	76806070
9	76806559
9	76808371
9	76810697
9	76811715
9	76811790
9	76812698
9	76815459
9	76817230
9	76817723
9	76817927
9	76818745
9	76819681
9	76819701
9	76820319
9	76820488
9	76820753
9	76823638
9	76823655
9	76823721
9	76823951
9	76824035
9	76825142
9	76825774
9	76826056
9	76826099
9	76826523
9	76826707
9	76826778
9	76826812
9	76827006
9	76827499
9	76827687
9	76827765
9	76829078
9	76829118
9	76829310
9	76829357
9	76829400
9	76829668
9	76829827
9	76829856
9	76830321
9	76830620
9	76830794
9	76830899
9	76831177
9	76831814
9	76832179
9	76832282
9	76832777
9	76832898
9	76833279
9	76833477
9	76833808
9	76834535
9	76835184
9	76835248
9	76835752
9	76835970
9	76836725
9	76837114
9	76837232
9	76837233
9	76837235
9	76837250
9	76837373
9	76837711
9	76837903
9	76838210
9	76838212
9	76838735
9	76839019
9	76839177
9	76839717
9	76840223
9	76840262
9	76840361
9	76842507
9	76842541
9	76842889
9	76844557
9	76844977
9	76845071
9	76845371
9	76845606
9	76845775
9	76845880
9	76846169
9	76846419
9	76846514
9	76846687
9	76846751
9	76846999
9	76847282
9	76847825
9	76847927
9	76848712
9	76848975
9	76849139
9	76849156
9	76849309
9	76849747
9	76850496
9	76850856
9	76850983
9	76851331
9	76851463
9	76851877
9	76852588
9	76853466
9	76854552
9	76855114
9	76855579
9	76855846
9	76856781
9	76857187
9	76857355
9	76857891
9	76858063
9	76858200
9	76858289
9	76858530
9	76858715
9	76859131
9	76859484
9	76860085
9	76860921
9	76861897
9	76862485
9	76862753
9	76862872
9	76862911
9	76864124
9	76864129
9	76864627
9	76864699
9	76864894
9	76865164
9	76865234
9	76865555
9	76865821
9	76866505
9	76866575
9	76867437
9	76867667
9	76867920
9	76868411
9	76869217
9	76869918
9	76870598
9	76871669
9	76872038
9	76872204
9	76872397
9	76872516
9	76872628
9	76872915
9	76873075
9	76873093
9	76873649
9	76875126
9	76875225
9	76875291
9	76875611
9	76876450
9	76876524
9	76876527
9	76876634
9	76877117
9	76878188
9	76878326
9	76878329
9	76878353
9	76878425
9	76878532
9	76878607
9	76878815
9	76878887
9	76879228
9	76880039
9	76880486
9	76883237
9	76883663
9	76885798
9	76886080
9	76886952
9	76887033
9	76887589
9	76887695
9	76888564
9	76888701
9	76889426
9	76890086
9	76890267
9	76890310
9	76890773
9	76891412
9	76891671
9	76892408
9	76893317
9	76897070
9	76897503
9	76904578
9	76904716
9	76905048
9	76906107
9	76907191
9	76907397
9	76907688
9	76912437
9	76912452
9	76913729
9	76914673
9	76914709
9	76915920
9	76919537
9	76921309
9	76921722
9	76921748
9	76924034
9	76924290
9	76924292
9	76925181
9	76925683
9	76926329
9	76926383
9	76927157
9	76927526
9	76927907
9	76930081
9	76931523
9	76932817
9	76788027
9	76798446
9	76800240
9	76803091
9	76812378
9	76813584
9	76813984
9	76815310
9	76816724
9	76817505
9	76817830
9	76821564
9	76824460
9	76828014
9	76831564
9	76832928
9	76850827
9	76850829
9	76857499
9	76875829
9	76876628
9	76910137
9	76911483
9	76838051
9	76879247
9	76878620
9	76879611
9	76936998
9	76940344
9	76943310
9	76945051
9	76965235
9	76966096
6	130839788
6	130840066
6	130840091
6	130841206
6	130841535
6	130842304
6	130843007
6	130843990
6	130844136
6	130844261
6	130844426
6	130848198
6	130848869
6	130848947
6	130851666
6	130852623
6	130856614
6	130858931
6	130866931
6	130876090
6	130884469
6	130847982
6	130831401
6	130890566
6	130890861
6	130890945
6	130891611
6	130892185
6	130892218
6	130892597
6	130894414
6	130895913
6	130898745
6	130898781
6	130898991
6	130899393
6	130899424
6	130899440
6	130899629
6	130900316
6	130903607
6	130838171
6	130838214
6	130832818
6	130834982
6	130840194
6	130842360
6	130844635
6	130844791
6	130867535
6	130879800
6	130900896
6	130903951
4	88823621
4	88826972
4	88830354
4	88832384
4	88833448
4	88833662
4	88833764
4	88834269
4	88834364
4	88834454
4	88834637
4	88834991
4	88835097
4	88835523
4	88835950
4	88836769
4	88836916
4	88837004
4	88840386
4	88840913
4	88842430
4	88842894
4	88843259
4	88843970
4	88846075
4	88846157
4	88847495
4	88848625
4	88849669
4	88852434
4	88853670
4	88855003
4	88856342
4	88770998
4	88790723
4	88802633
4	88819501
4	88830334
4	88831249
4	88832053
4	88839475
4	88839476
4	88839497
4	88839857
4	88845599
4	88845692
4	88846251
4	88846260
4	88846766
4	88847703
4	88856229
4	88856586
4	88856733
4	88857199
4	88859131
4	88778205
4	88817431
4	88735503
4	88736582
4	88749481
4	88750874
4	88752045
4	88753045
4	88759344
4	88765873
4	88768672
4	88768808
4	88768888
4	88768928
4	88769571
4	88769661
4	88769718
4	88770174
4	88770229
4	88771060
4	88772380
4	88773014
4	88776440
4	88777194
4	88779168
4	88779237
4	88780778
4	88781772
4	88781821
4	88781956
4	88782786
4	88783980
4	88784371
4	88787439
4	88787834
4	88790777
4	88790847
4	88792520
4	88792584
4	88794949
4	88796785
4	88796983
4	88797765
4	88797798
4	88797839
4	88797873
4	88797897
4	88797913
4	88797992
4	88798005
4	88798211
4	88798921
4	88799278
4	88799854
4	88800053
4	88800136
4	88800642
4	88801506
4	88801652
4	88801902
4	88801906
4	88802799
4	88802800
4	88803280
4	88803476
4	88803643
4	88803913
4	88803984
4	88804197
4	88804310
4	88804686
4	88804714
4	88806939
4	88813503
4	88816732
4	88820963
4	88837440
4	88837638
4	88858171
4	88955762
4	88846328
4	88846379
4	88848608
4	88716320
4	88723180
4	88730088
4	88730278
4	88732874
4	88733531
4	88734308
4	88749845
4	88751704
4	88864048
4	88864775
4	88868115
4	88870795
4	88872963
4	88877531
4	88887327
4	88888113
4	88892117
4	88960258
4	88975738
4	88976008
4	88978139
4	88982889
4	88984683
4	88987515
4	88987554
4	88992813
4	88997876
4	88999222
4	89001893
4	89006160
4	89009006
4	89010983
4	89019735
4	89020427
4	89020934
4	89023224
4	89025241
4	89028775
3	107648827
3	107702377
3	107711439
3	107711610
3	107716135
3	107717386
3	107719818
3	107722716
3	107722786
3	107725583
3	107727496
3	107728671
3	107734674
3	107735806
3	107739481
3	107740646
3	107742151
3	107751790
3	107771471
3	107718722
3	107050424
3	107833434
3	107841879
3	107861635
3	107975435
3	108072269
3	108101573
3	108254607
3	108393208
3	108399243
3	108424559
3	108499955
3	108512762
3	108527529
3	108626242
3	108634867
3	108672336
3	108672787
3	108693162
3	108693851
3	108766458
3	108865897
3	108884717
3	108888276
3	108911385
3	108988075
3	109051858
3	109056961
3	109132232
3	109142113
3	109182865
3	109193661
3	109213140
3	107485153
3	107544787
3	107564107
3	107808561
3	107826207
3	107833462
3	107846011
3	107866870
3	107881830
3	107896784
3	107902456
3	107933330
3	107940923
3	107946222
3	107978486
3	107981692
3	107992750
3	107999417
3	108011855
3	108044458
3	108116439
3	108142963
3	41312821
3	41313099
3	41313160
3	41314074
3	41315914
3	41316560
3	41329474
3	41332490
3	41332866
3	41332891
3	41333390
3	41335523
3	41336193
3	41336325
3	41337562
3	41338996
3	41339240
3	41339984
3	41340403
3	41340489
3	41340893
3	41341789
3	41341892
3	41342581
3	41343089
3	41343737
3	41344492
3	41344582
3	41344631
3	41344885
3	41344981
3	41345349
3	41345733
3	41346870
3	41347104
3	41347518
3	41347553
3	41347810
3	41347854
3	41348218
3	41349729
3	41349924
3	41350549
3	41350896
3	41351138
3	41351139
3	41351621
3	41351989
3	41352049
3	41352819
3	41352981
3	41353346
3	41353451
3	41355135
3	41355332
3	41355694
3	41355878
3	41356711
3	41356918
3	41357400
3	41358693
3	41359534
3	41359638
3	41359919
3	41360367
3	41360702
3	41361459
3	41361478
3	41362020
3	41362059
3	41362188
3	41362858
3	41363074
3	41363781
3	41363786
3	41363871
3	41365380
3	41365998
3	41366102
3	41367328
3	41367613
3	41368428
3	41369943
3	41370141
3	41370169
3	41370205
3	41370475
3	41370488
3	41370877
3	41371087
3	41371104
3	41371310
3	41371576
3	41371629
3	41371745
3	41371867
3	41372903
3	41373660
3	41373677
3	41373823
3	41373912
3	41374384
3	41374573
3	41374621
3	41374931
3	41374958
3	41375033
3	41375193
3	41375281
3	41375362
3	41375404
3	41376125
3	41386200
3	41387911
3	41388645
3	41396059
3	41396066
3	41401578
3	41406328
3	41410711
3	41414377
3	41416476
3	41419033
3	41308820
3	41308914
3	41312316
3	41312682
3	41312820
3	41312884
3	41313302
3	41313373
3	41313532
3	41315364
3	41316336
3	41317668
3	41318832
3	41319077
3	41319726
3	41320126
3	41320518
3	41320621
3	41321916
3	41323354
3	41323648
3	41324430
3	41325297
3	41325804
3	41325909
3	41326537
3	41328017
3	41328182
3	41329807
3	41330469
3	41330560
3	41331376
3	41331389
3	41331981
3	41332904
3	41346400
3	41357522
3	41377828
3	41377991
3	41388805
3	41336682
3	41373698
3	41417869
3	41203077
3	41313297
3	41394432
3	41411284
4	40235048
4	40217464
4	40225326
4	40225582
4	40227052
4	40237202
4	40237583
4	40238182
4	40238187
4	40238218
4	40238287
4	40238320
4	40238336
4	40238488
4	40238507
4	39009431
4	41008729
4	41034729
4	41113685
4	41121304
4	41137618
7	40874145
7	40878896
7	40879271
7	40880072
7	40880735
7	40881614
7	40884657
7	40888049
7	40889985
7	40890670
7	40892728
7	40898138
7	40899646
7	40900175
7	40900340
7	40901047
7	40901066
7	40901092
7	40904112
7	40904552
7	40904670
7	40903479
7	40904437
7	40873916
7	40874376
7	40875458
7	40875665
7	40876060
7	40876080
7	40876114
7	40876155
7	40876786
7	40877397
7	40877716
7	40878230
7	40878543
7	40880200
7	40880498
7	40880591
7	40881938
7	40882643
7	40882773
7	40882876
7	40883236
7	40883283
7	40883310
7	40883434
7	40883552
7	40884242
7	40884420
7	40884534
7	40885228
7	40885513
7	40885658
7	40885663
7	40885934
7	40886576
7	40886716
7	40886758
7	40887411
7	40887706
7	40887745
7	40888598
7	40889040
7	40891126
7	40891684
7	40891812
7	40894468
7	40897267
7	40897976
7	40847832
7	40869918
7	40875503
7	40868141
7	40868431
7	40869966
7	40871156
7	40872174
7	40872276
7	40872428
7	40872917
7	40872919
9	126730478
9	126734726
9	126737117
9	126738055
9	126738449
9	126748128
9	126749631
9	126751923
9	126752085
9	126753321
9	126754928
9	126755160
9	126755223
9	126756640
9	126758163
9	126728821
9	126732247
9	126732528
9	126733931
9	126733932
9	126735525
9	126737779
9	126746220
9	126750787
9	126751245
9	126751823
9	126751847
9	126752929
9	126754747
9	126756961
9	126756962
9	126757277
9	126757862
9	126758065
9	126757644
9	126703738
9	126709416
9	126710886
9	126712126
9	126712127
9	126714308
9	126708175
9	126713411
9	126713979
9	126714710
9	126715275
9	126718770
9	126725598
9	126725686
9	126726491
9	126726492
9	126726837
11	305619
11	306920
11	307696
11	307961
11	308363
11	316299
11	316349
11	305406
11	307036
11	307912
11	313755
11	321371
11	322722
11	324163
11	324170
11	332857
11	306791
11	306884
11	320394
11	320836
11	302505
11	308631
11	307025
11	307029
11	308576
11	308716
11	312929
11	314473
11	314481
11	315745
11	316071
11	320115
11	320166
11	321239
11	322728
11	323062
11	323222
11	325386
11	331326
11	332094
11	332210
11	332293
11	332795
11	334703
11	302120
11	302191
11	302334
11	328565
5	147522940
5	147524833
5	147525858
5	147526393
5	147527112
5	147527838
5	147530001
5	147532234
5	147533717
5	147533727
5	147534289
5	147534305
5	147534721
5	147536252
5	147536357
5	147536585
5	147538223
5	147539312
5	147539520
5	147541020
5	147541208
5	147541895
5	147542282
5	147542513
5	147542849
5	147542996
5	147543264
5	147543522
5	147543535
5	147543715
5	147543771
5	147543784
5	147543807
5	147543838
5	147543853
5	147543991
5	147544203
5	147544224
5	147544258
5	147544288
5	147544367
5	147544494
5	147544592
5	147544667
5	147544687
5	147545078
5	147545100
5	147545324
5	147545635
5	147546452
5	147546861
5	147547062
5	147547151
5	147547263
5	147547366
5	147547372
5	147547882
5	147547906
5	147547917
5	147547963
5	147547978
5	147548021
5	147548078
5	147548328
5	147548348
5	147548419
5	147548893
5	147549163
5	147550938
5	147551286
5	147551420
5	147552361
5	147553040
5	147553041
5	147554607
5	147554609
5	147554889
5	147554997
5	147555029
5	147555347
5	147555635
5	147555653
5	147555724
5	147555865
5	147555904
5	147555957
5	147556023
5	147556309
5	147556423
5	147556458
5	147556698
5	147556888
5	147556974
5	147557111
5	147557190
5	147557304
5	147557444
5	147557670
5	147558316
5	147558364
5	147558429
5	147558447
5	147558858
5	147559434
5	147559835
5	147559837
5	147560454
5	147560916
5	147561236
5	147561263
5	147561496
5	147561609
5	147561630
5	147562116
5	147562488
5	147562492
5	147562772
5	147562928
5	147562976
5	147563020
5	147563047
5	147563216
5	147563463
5	147563477
5	147563804
5	147563816
5	147563861
5	147563872
5	147563875
5	147563919
5	147563921
5	147564292
5	147564419
5	147564699
5	147564801
5	147564823
5	147564997
5	147565330
5	147565376
5	147565668
5	147565814
5	147565858
5	147566124
5	147566126
5	147566195
5	147566669
5	147566817
5	147567311
5	147567398
5	147567465
5	147568322
5	147568820
5	147568898
5	147569171
5	147569474
5	147569528
5	147569984
5	147570600
5	147570634
5	147570837
5	147571317
5	147571674
5	147571885
5	147571984
5	147571993
5	147572263
5	147572496
5	147572627
5	147572818
5	147573232
5	147573304
5	147573347
5	147573671
5	147573937
5	147573999
5	147574823
5	147575064
5	147575478
5	147575546
5	147575721
5	147575865
5	147575939
5	147575986
5	147576680
5	147578081
5	147578119
5	147578510
5	147522554
5	147526012
5	147528249
5	147529650
5	147532056
5	147537156
5	147539152
5	147541163
5	147541413
5	147542850
5	147543751
5	147548219
5	147549507
5	147549591
5	147549610
5	147549736
5	147557792
5	147558546
5	147561299
5	147567910
5	147567957
5	147569444
5	147570299
5	147571462
5	147571755
5	147572022
5	147572546
5	147572841
5	147574364
5	147575033
5	147575120
5	147575206
5	147575225
5	147575286
5	147576276
5	147576457
5	147576629
5	147576832
5	147576861
5	147577226
5	147577337
5	147577426
5	147577448
5	147577500
5	147577603
5	147577686
5	147578037
5	147578262
5	147578737
5	147579415
5	147580107
5	147580161
5	147580730
5	147581039
5	147581569
5	147581886
5	147582317
5	147583402
5	147583635
5	147583770
5	147584277
5	147589532
5	147589556
5	147589564
5	147589569
5	147589570
11	71281921
11	71286030
11	71287281
11	71287421
11	71287897
11	71287955
11	71288823
11	71288967
11	71289149
11	71289534
11	71289686
11	71290879
11	71290895
11	71291770
11	71291783
11	71292945
11	71281922
11	71290415
11	71311114
11	71312348
11	71313056
11	71313166
11	71313247
11	71313257
11	71313464
11	71313576
11	71313871
11	71314076
11	71314229
11	71315062
11	71315125
11	71315598
11	71316406
11	71316780
11	71316920
11	71317612
11	71317707
11	71317793
11	71318292
11	71318731
11	71319225
11	71319538
11	71320096
11	71320125
11	71320299
11	71320465
11	71320729
11	71321206
11	71321224
11	71322119
11	71322324
11	71322746
11	71323424
11	71323473
11	71323501
11	71324304
11	71324483
11	71324725
11	71324994
11	71325196
11	71325819
11	71325920
11	71326374
11	71326448
11	71326549
11	71326618
11	71326968
11	71327315
11	71327356
11	71327414
11	71327808
11	71327956
11	71329744
11	71330561
11	71331161
11	71331533
11	71331879
11	71332239
11	71334199
11	71335283
11	71335465
11	71335563
11	71336123
11	71336135
11	71336751
11	71336996
11	71337403
11	71337439
11	71338959
11	71339113
11	71339163
11	71339344
11	71339346
11	71339561
11	71340126
11	71340266
11	71340565
11	71341082
11	71341684
11	71341689
11	71341819
11	71341884
11	71342169
11	71342321
11	71342530
11	71342607
11	71342785
11	71342809
11	71345228
11	70632774
11	70939427
11	71010720
11	71074636
11	71133793
11	71135490
11	71270827
11	71294518
11	71295780
11	71320210
11	71331999
11	71347089
11	71402581
11	71404516
11	71406726
11	71440260
11	71446556
11	71487194
11	71502403
11	71507852
11	71509935
11	71514553
11	71522722
11	71524177
11	71562704
11	71582444
11	71605328
11	71674670
11	71685564
11	71685686
11	71690660
11	71844466
11	71844531
11	71859808
11	71881601
11	71900094
11	71909897
11	71954487
11	71957122
11	72012787
11	72028629
11	72080376
11	72158804
11	72181147
11	72181677
11	72182470
11	72183679
11	72183953
11	72184229
11	72186473
11	72186597
11	72187122
11	72189175
11	72189222
11	72192010
11	72192032
11	72192465
11	72193870
11	72194254
11	72194329
11	72195558
11	72196143
11	72746195
11	71281715
11	71277273
11	71277981
11	71279364
11	71281168
11	71599732
11	72125218
11	69878642
11	70307529
11	70392854
11	70428877
11	70438571
11	70458719
11	70538609
11	70650915
11	70756200
11	70786739
11	70831169
11	70862870
11	70908306
11	70914736
11	70963254
11	70986361
11	71062819
11	71230184
11	71278377
11	71292883
11	71295106
11	71295561
11	71297918
11	71298295
11	71298333
11	71300893
11	71301961
11	71302258
11	71303158
11	71303272
11	71303492
11	71305510
11	71305599
11	71310474
11	71310566
11	71311342
11	71313856
11	71314162
11	71314675
11	71314788
11	71314817
11	71316050
11	71319432
11	71321130
11	71321759
11	71322024
11	71322816
11	71322851
11	71324735
11	71327518
11	71330688
11	71330689
11	71331666
11	71331805
11	71333270
11	71333404
11	71333672
11	71333697
11	71334587
11	71334705
11	71336031
11	71336761
11	71336893
11	71336976
11	71337244
11	71341680
11	71344189
11	71345299
11	71346215
11	71346437
11	71348818
11	71350860
11	71352068
11	71353428
11	71354554
11	71355018
11	71355790
11	71356925
11	71357749
11	71358299
11	71358978
11	71359667
11	71360226
11	71360861
11	71361506
11	71363720
11	71365178
11	71365531
11	71368442
11	71369306
11	71372542
11	71375873
11	71376350
11	71376822
11	71377686
11	71379946
11	71381904
11	71382574
11	71386173
11	71387464
11	71389002
11	71389423
11	71389695
11	71391113
11	71391563
11	71393583
11	71394278
11	71396079
11	71397045
11	71397125
11	71397627
11	71398029
11	71399348
11	71401069
11	71402449
11	71402575
11	71402662
11	71402839
11	71403333
11	71403341
11	71403436
11	71404267
11	71404563
11	71405275
11	71405665
11	71406717
11	71407246
11	71409271
11	71409420
11	71409610
11	71410521
11	71410675
11	71412310
11	71413904
11	71415494
11	71420220
11	71424199
11	71424607
11	71425110
11	71425822
11	71425931
11	71426188
11	71427097
11	71427102
11	71429878
11	71431398
11	71431629
11	71432579
11	71433773
11	71433936
11	71434049
11	71434843
11	71436268
11	71439801
11	71441818
11	71442694
11	71443285
11	71445553
11	71449000
11	71451687
11	71453278
11	71454578
11	71457377
11	71460299
11	71460702
11	71461942
11	71462021
11	71465425
11	71467554
11	71467870
11	71468030
11	71473071
11	71474926
11	71474969
11	71474981
11	71476431
11	71477806
11	71479563
11	71484028
11	71485773
11	71485993
11	71490827
11	71493004
11	71494871
11	71495894
11	71496158
11	71496378
11	71496894
11	71497678
11	71498001
11	71499507
11	71499511
11	71499651
11	71502820
11	71505417
11	71506816
11	71507097
11	71507597
11	71508604
11	71508699
11	71510728
11	71510812
11	71511612
11	71511620
11	71513585
11	71514015
11	71514102
11	71514166
11	71514222
11	71514307
11	71514575
11	71514807
11	71515242
11	71515765
11	71516268
11	71516574
11	71517265
11	71517342
11	71518271
11	71518372
11	71518617
11	71518659
11	71518763
11	71519130
11	71521072
11	71522978
11	71523629
11	71524092
11	71524176
11	71524238
11	71524298
11	71526088
11	71527793
11	71528090
11	71528386
11	71528679
11	71528763
11	71529646
11	71530605
11	71530648
11	71531218
11	71532989
11	71533588
11	71534029
11	71534471
11	71534544
11	71535150
11	71535715
11	71536157
11	71536420
11	71536806
11	71537279
11	71538951
11	71539370
11	71539973
11	71540017
11	71540564
11	71541692
11	71542555
11	71542905
11	71543282
11	71544223
11	71544285
11	71544456
11	71545460
11	71545729
11	71546477
11	71546577
11	71546748
11	71547154
11	71547658
11	71547781
11	71550936
11	71550971
11	71551647
11	71551930
11	71552317
11	71552965
11	71554257
11	71557805
11	71560612
11	71562720
11	71563860
11	71565359
11	71565360
11	71566068
11	71566843
11	71570174
11	71572007
11	71575279
11	71577092
11	71579794
11	71580029
11	71580241
11	71582850
11	71583899
11	71584152
11	71584664
11	71586801
11	71587229
11	71592957
11	71595546
11	71597409
11	71598422
11	71600681
11	71602062
11	71602300
11	71604497
11	71604501
11	71604617
11	71605337
11	71605540
11	71605695
11	71607907
11	71608910
11	71613725
11	71614893
11	71615143
11	71615839
11	71616049
11	71617798
11	71620670
11	71626081
11	71626536
11	71629876
11	71641800
11	71645616
11	71647498
11	71648466
11	71652760
11	71657700
11	71657813
11	71659065
11	71661761
11	71662580
11	71667921
11	71668511
11	71677587
11	71678385
11	71678799
11	71678862
11	71679271
11	71679275
11	71679623
11	71680182
11	71683176
11	71684212
11	71685073
11	71685177
11	71687646
11	71689060
11	71690484
11	71699576
11	71704671
11	71707755
11	71708904
11	71710239
11	71711088
11	71711864
11	71712088
11	71713011
11	71713157
11	71713898
11	71715581
11	71715630
11	71717959
11	71717963
11	71718711
11	71719141
11	71734882
11	71739538
11	71742690
11	71742818
11	71742863
11	71747531
11	71750968
11	71751082
11	71751130
11	71756791
11	71758760
11	71764663
11	71783485
11	71783899
11	71794099
11	71802283
11	71802520
11	71812099
11	71814353
11	71816766
11	71826272
11	71829884
11	71831591
11	71833040
11	71834063
11	71835293
11	71836113
11	71836316
11	71841465
11	71847510
11	71853376
11	71992152
11	71998306
11	72000012
11	72203204
11	72238539
11	72327384
11	72330759
11	72344152
11	72363197
11	72379324
11	72399502
11	72423394
11	72457564
11	72575895
11	72587654
11	72594806
11	72614213
11	72623663
11	72626736
11	72650945
11	72707196
11	72758962
11	72787463
11	69818389
11	69963457
11	70301648
11	70448038
11	70654728
11	70807713
11	70814090
11	70830277
11	70841883
11	70908373
11	70908685
11	70910359
11	70925504
11	70992619
11	71165144
11	71220302
11	71253253
11	71265019
11	71324050
11	71355248
11	71470025
11	71472572
11	71508080
11	71553677
11	71644315
11	71669125
11	71730732
11	71845704
11	72032732
11	72085179
11	72199894
11	72516083
11	72624871
2	241620918
2	241621799
2	241632668
2	241619674
2	241619686
2	241629139
2	241629418
2	241629673
2	241629696
2	241629697
2	241618905
2	241624247
2	241628854
2	241628872
2	241628925
2	241629397
2	241629533
2	241629845
2	241630513
2	241630661
2	241630673
2	241631476
2	241628767
2	241597150
2	241607280
2	241614723
2	241614730
2	241634830
2	184533899
2	184541981
2	184543777
2	184544635
2	184545493
2	184546252
2	184552561
2	184553811
2	184554475
2	184558548
2	184561037
2	184566323
2	184567754
2	184573149
2	184574078
2	184577818
2	184577979
2	184578821
2	184580593
2	184581033
2	184581953
2	184585903
2	184588957
2	184589573
2	184591219
2	184453095
2	184462729
2	184527595
2	184530453
2	184560035
2	184632379
2	184711279
2	184550515
2	184551944
2	184553148
2	184561439
2	184579980
2	184587192
2	184587626
2	184592147
2	184446893
2	184446942
2	184463889
2	184469408
2	184479480
2	184480902
2	184487367
2	184500154
2	184507262
2	184509939
2	184511978
2	184516149
2	184585640
2	184653504
2	184655127
2	184665728
2	184680498
2	184693192
2	184702640
2	184728413
4	188867138
4	188867354
4	188868021
4	188868981
4	188874668
4	188878080
4	188878511
4	188878560
4	188864446
4	188877867
4	188880864
4	188881295
4	188881950
4	188882264
4	188882392
4	188882491
4	188882771
4	188883106
4	188883711
4	188885997
4	188888386
4	188888808
4	188889207
4	188862252
4	188867694
4	188880132
4	188885046
4	188887420
4	188888559
4	188889343
4	188892065
4	188892958
4	188874175
4	188858339
4	188858371
4	188858592
4	188858937
4	188859086
4	188859908
4	188859997
4	188860416
4	188860730
4	188861213
4	188862039
4	188862125
4	188862128
4	188890978
4	188890319
6	142093260
6	142099651
6	142103528
6	142104323
6	142105928
6	142108070
6	142117397
6	142118379
6	142125594
6	142131853
6	142132130
6	142135114
6	142137514
6	142139484
6	142140663
6	142155517
6	142156978
6	142159436
6	142159445
6	142161838
6	142169695
6	142171162
6	142172294
6	142180840
6	142187464
6	142188377
6	142192977
6	142197685
6	142204193
6	142208193
6	142215294
6	142215851
6	142236496
6	142236942
6	142238246
6	142239634
6	142245657
6	142247440
6	142252147
6	142252494
6	142252865
6	142254288
6	142259480
6	142261102
6	142261245
6	142261708
6	142262609
6	142263703
6	142266074
6	142269405
6	142270987
6	142271148
6	142274373
6	142275534
6	142276189
6	142276226
6	142276825
6	142276955
6	142277640
6	142277828
6	142278496
6	142279103
6	141786343
6	141788646
6	141805748
6	141810900
6	141778205
6	141786362
6	141789546
6	141795355
6	141795971
6	141796938
6	141797244
6	141800033
6	141800754
6	141800882
6	141805567
6	141808247
6	141809082
6	141809915
6	141816063
6	141816112
6	141817330
6	141817393
6	141817745
6	141818495
6	141821131
6	141822713
6	141823773
6	141829981
6	141834912
6	141837742
6	141837997
6	141841776
6	141857467
6	141857511
6	141857588
6	141861601
6	141861714
6	141867826
6	141868870
6	141872976
6	141878771
6	141879069
6	141880086
6	141881134
6	141974834
6	141991523
6	141991887
6	141993983
6	141997553
6	141998437
6	142012410
6	142037857
6	142041398
6	142043786
6	142047339
6	142050719
6	142051592
6	142052970
6	142052981
6	142063845
6	142065446
6	142065753
6	142066673
6	142067212
6	142070593
6	142071815
6	142071843
6	142073041
6	142074935
6	142074936
6	142076495
6	142076901
6	142077551
6	142079689
6	142081568
6	142083889
6	142084301
6	142084669
6	142086791
6	142086922
6	142087281
6	142087578
6	142087771
6	142090262
6	142091655
6	142093016
6	142095652
6	142096528
6	142113264
6	142121663
6	142124565
6	142128299
6	142139198
6	142147719
6	142163511
6	142168790
6	142169528
6	142173632
6	142243203
6	142262457
6	142274772
13	64303276
13	64304783
13	64305033
13	64305414
13	64306395
13	64307261
13	64307870
13	64308836
13	64310046
13	64314346
13	64315879
13	64320167
13	64345105
13	64348518
13	64351410
13	64359273
13	64365749
13	64370685
13	64377277
13	64384579
13	64409675
13	64208840
13	64249792
13	64272612
13	64304116
13	64304622
13	64305042
13	64306174
13	64308423
13	64309874
13	64310299
13	64310708
13	64311108
13	64312569
13	64313262
13	64313680
13	64314020
13	64314802
13	64314889
13	64317212
13	64319140
13	64319772
13	64322378
13	64332171
13	64332601
13	64332795
13	64340640
13	64345864
13	64347312
13	64352105
13	64353941
13	64354614
13	64358043
13	64360117
13	64360571
13	64362389
13	64362527
13	64367689
13	64372098
13	64372255
13	64377254
13	64377960
13	64378109
13	64382606
13	64388015
13	64390470
13	64390560
13	64394274
13	64404869
13	64405407
13	64408788
13	64409331
13	64410359
13	64410417
13	64412868
13	64414033
13	64414038
13	64416204
13	64416474
13	64417206
13	64417807
13	64418025
13	64421103
13	64423887
13	64427774
13	64433051
13	64433309
13	64435672
13	64437350
13	64439806
13	64439864
13	64440574
13	64445081
13	64448159
13	64450604
13	64451433
13	64452468
13	64454697
13	64459655
13	64460822
13	64461553
13	64462296
13	64463152
13	64475117
13	64475994
13	64477263
13	64487909
13	64492224
13	64494817
13	64499791
13	64505815
13	64513170
13	64514351
13	64521048
13	64543985
13	64439434
13	65431889
13	65435189
13	65436468
13	65460959
13	65505728
13	65605572
13	65754815
13	80308341
13	80320329
13	80328732
13	80335240
13	80355422
13	80368377
13	80371752
13	80375232
13	80377073
13	80382303
13	80386620
13	80397189
13	80397280
13	80399593
13	80424811
13	80437757
13	80300189
13	80308109
13	80365315
13	80091118
13	78985862
13	79732176
13	79734491
13	79734888
13	79736962
13	79737052
13	79737800
13	79742676
13	79743725
13	79746329
13	79747680
13	79752839
13	79753198
13	79757405
13	79757940
13	79761631
13	79762780
13	79768343
13	79769071
13	79774304
13	79775937
13	79776776
13	79776935
13	79777038
13	79777672
13	79777725
13	79777838
13	79779164
13	79779200
13	79779336
13	79781735
13	79781921
13	79782087
13	79782179
13	79782448
13	79784008
13	79785546
13	79786642
13	79787535
13	79787952
13	79788510
13	79789408
13	79789421
13	79790158
13	79791551
13	79792657
13	79796381
13	79821149
13	79850768
13	80021186
13	80023927
13	80102334
13	80118563
13	80143803
13	80220643
13	80302635
13	80387897
13	80388432
13	80398451
13	80399345
13	80399860
13	80400589
13	80401557
13	80404328
13	80405589
13	80405635
13	80405862
13	80406267
13	80408975
13	80409671
13	80413009
13	80419475
13	80419713
13	80421082
13	80422261
13	80424265
13	80424856
13	80425548
13	80425916
13	80426693
13	80427726
13	80428711
13	80430050
13	80430266
13	80431425
13	80431829
13	80437854
13	80438727
13	80442627
13	80446533
13	80450674
13	80460694
13	80460755
13	80464290
13	80474530
13	80475923
13	80478261
13	80479530
13	80481740
13	80483465
13	80486395
13	80503903
13	80504624
13	80505232
13	80505243
13	80514683
14	61008408
14	61008687
14	61010688
14	61012331
14	61013298
14	61014743
14	61015153
14	61015474
14	61016933
14	61017024
14	61024723
14	61024867
14	61027510
14	61029084
14	61037163
14	61038153
14	61042091
14	61045989
14	61050397
14	61052706
14	61053061
14	61056920
14	61058029
14	61059153
14	61061034
14	61064210
14	61065025
14	61066730
14	61067022
14	61068476
14	61068725
14	61073731
14	61074301
14	61077022
14	61077484
14	61081453
14	61081961
14	61082357
14	61083334
14	61083662
14	61084285
14	61085205
14	61085510
14	61087740
14	61087837
14	61087985
14	61090202
14	61090629
14	61091913
14	61092022
14	61092702
14	61093246
14	61093441
14	61093560
14	61096879
14	61097779
14	61098624
14	61098683
14	61099261
14	61100532
14	61100892
14	61101089
14	61101710
14	61101711
14	61105635
14	61106021
14	61106699
14	61107662
14	61109020
14	61109543
14	61110627
14	61110634
14	61111223
14	61112667
14	61117882
14	61118111
14	61118783
14	61120998
14	61122040
14	60787269
14	60789588
14	60790430
14	60794488
14	60796565
14	60797112
14	60797305
14	60797545
14	60798366
14	60798682
14	60801142
14	60814981
14	60816129
14	60823425
14	60826228
14	60830151
14	60831146
14	60831342
14	60831491
14	60838353
14	60840478
14	60843134
14	60843322
14	60843581
14	60846212
14	60846934
14	60849077
14	60854051
14	60854300
14	60858300
14	60858761
14	60861774
14	60862306
14	60862830
14	60863570
14	60863636
14	60869837
14	60870389
14	60876398
14	60876439
14	60881997
14	60883842
14	60885343
14	60886301
14	60887194
14	60891515
14	60893622
14	60898138
14	60900884
14	60901208
14	60902134
14	60902520
14	60902549
14	60905920
14	60906615
14	60906976
14	60908378
14	60908551
14	60909689
14	60911409
14	60911728
14	60912870
14	60916587
14	60917476
14	60917496
14	60918777
14	60919518
14	60920102
14	60920718
14	60921571
14	60922005
14	60922006
14	60924009
14	60926119
14	60926942
14	60927652
14	60927816
14	60928201
14	60928850
14	60929145
14	60932438
14	60935003
14	60935504
14	60938959
14	60939101
14	60940438
14	60940478
14	60941068
14	60941071
14	60941094
14	60941096
14	60941172
14	60941363
14	60941564
14	60942374
14	60942525
14	60942685
14	60943110
14	60944435
14	60944527
14	60944849
14	60944959
14	60945298
14	60945650
14	60946098
14	60946111
14	60946390
14	60947177
14	60947490
14	60948128
14	60948318
14	60949740
14	60952298
14	60952536
14	60952612
14	60952773
14	60952777
14	60957163
14	60957216
14	60958850
14	60959321
14	60959400
14	60959958
14	60960251
14	60960314
14	60961299
14	60963775
14	60964347
14	60964954
14	60965985
14	60968804
14	60969333
14	60970004
14	60970531
14	60970844
14	60972045
14	60972569
14	60974958
14	60974987
14	60975579
14	60975956
14	60977275
14	60977471
14	60978071
14	60980116
14	60980688
14	60980963
14	60982075
14	60986698
14	60987006
14	60987529
14	60988526
14	60988606
14	60989237
14	60989604
14	60989784
14	60990173
14	60990729
14	60992212
14	60992621
14	60994004
14	60994037
14	60995712
14	60996667
14	60996831
14	60997782
14	60998314
14	60998540
14	60999493
14	60999852
14	61000031
14	61000322
14	61000492
14	61001495
14	61001546
14	61002988
14	61003071
14	61004128
14	61006690
14	61008027
14	61008755
14	61018305
14	61019458
14	61020617
14	61022789
14	61028271
14	61028435
14	61029936
14	61031284
14	61031648
14	61032390
14	61032620
14	61032909
14	61034186
14	61034416
14	61035024
14	61035968
14	61036245
14	61036254
14	61037451
14	61037801
14	61038944
14	61039015
14	61039403
14	61039476
14	61041956
14	61043183
14	61044080
14	61046481
14	61046687
14	61048844
14	61049783
14	61055466
14	61055940
14	61057396
14	61058610
14	61062890
14	61063333
14	61063771
14	61066043
14	61069351
14	61094365
14	60812419
14	60826810
14	60950988
14	61005011
14	61027198
14	61063699
14	61104536
14	61106019
14	61349255
14	61049062
14	60803460
14	60826768
14	60883666
14	61013938
14	61166211
14	61213859
14	61126808
14	61127916
14	61132667
14	61132694
14	61133443
14	61136145
14	61139331
14	61139445
14	61142280
14	61148166
14	61152126
14	61169107
14	61171013
14	61177674
14	61177779
14	61182676
14	61182948
14	61205904
14	61214129
14	60785454
14	61122526
14	61124940
14	61348533
14	60964106
14	61067834
14	61105917
19	21856746
19	22015113
19	22100706
19	22257558
19	22272101
19	22404263
19	22306775
19	22317148
19	22319825
19	22397853
19	22556889
19	22559182
19	22559824
19	23718901
17	17864802
17	18143791
17	18149847
17	18155231
17	18156349
17	18161901
17	18164597
17	18192394
17	18195795
17	18201431
17	18208803
17	18220880
17	18233442
17	18261529
17	18266155
17	18272383
17	18284834
17	18308103
17	18317033
17	18323486
17	18324901
17	18350883
17	18364049
17	18389559
17	18415631
17	18425693
17	18442824
17	18448562
17	18448841
17	18455097
17	18468791
17	18469435
17	18474742
17	18525314
17	18547925
17	18555403
17	18561209
17	18575711
17	18579978
17	18641418
17	18704934
17	18787503
17	17633686
17	17653589
17	17668299
17	17708619
17	17714159
17	17715415
17	17738850
17	17747826
17	17760625
17	17791799
17	17809366
17	17827450
17	17834507
17	17844072
17	17872532
17	17873679
17	17883206
17	17902854
17	17931763
17	17981322
17	18004845
17	18011975
17	18044918
17	18153917
17	18308242
17	18372963
17	18548560
17	18566422
17	18573782
17	18575945
17	18576161
17	18576536
17	18610211
