INV	MAF	CI	CHR	START	END	IND	sequenced_total	sequenced_1kgp	sequenced_maf	total_1kgp	total_maf
HsInv0003	0.025	500000	1	186964829	187966732	201802.nc17	2072	2072	2016	28791	3787
HsInv0003	0.025	500000	1	186964829	187966732	201802.nc18	2073	2073	2017	28791	3787
HsInv0003	0.025	0	1	187464829	187466732	201802.nc17	0	0	0	12	1
HsInv0003	0.025	0	1	187464829	187466732	201802.nc18	0	0	0	12	1
HsInv0003	0.05	500000	1	186964829	187966732	201802.nc17	2072	2072	1937	28791	3075
HsInv0003	0.05	500000	1	186964829	187966732	201802.nc18	2073	2073	1938	28791	3075
HsInv0003	0.05	0	1	187464829	187466732	201802.nc17	0	0	0	12	0
HsInv0003	0.05	0	1	187464829	187466732	201802.nc18	0	0	0	12	0
HsInv0004	0.025	500000	1	197256789	198257986	201802.nc17	1164	1164	1099	25823	2510
HsInv0004	0.025	500000	1	197256789	198257986	201802.nc18	1167	1167	1102	25823	2510
HsInv0004	0.025	0	1	197756789	197757986	201802.nc17	0	0	0	45	6
HsInv0004	0.025	0	1	197756789	197757986	201802.nc18	0	0	0	45	6
HsInv0004	0.05	500000	1	197256789	198257986	201802.nc17	1164	1164	1094	25823	1800
HsInv0004	0.05	500000	1	197256789	198257986	201802.nc18	1167	1167	1097	25823	1800
HsInv0004	0.05	0	1	197756789	197757986	201802.nc17	0	0	0	45	6
HsInv0004	0.05	0	1	197756789	197757986	201802.nc18	0	0	0	45	6
HsInv0006	0.025	500000	1	204678607	205678834	201802.nc17	1652	1652	1581	28063	3357
HsInv0006	0.025	500000	1	204678607	205678834	201802.nc18	1652	1652	1581	28063	3357
HsInv0006	0.025	0	1	205178607	205178834	201802.nc17	3	3	3	6	3
HsInv0006	0.025	0	1	205178607	205178834	201802.nc18	3	3	3	6	3
HsInv0006	0.05	500000	1	204678607	205678834	201802.nc17	1652	1652	1529	28063	2792
HsInv0006	0.05	500000	1	204678607	205678834	201802.nc18	1652	1652	1529	28063	2792
HsInv0006	0.05	0	1	205178607	205178834	201802.nc17	3	3	3	6	3
HsInv0006	0.05	0	1	205178607	205178834	201802.nc18	3	3	3	6	3
HsInv0014	0.025	500000	10	4501097	5560548	201802.nc17	3017	3017	2941	36386	5547
HsInv0014	0.025	500000	10	4501097	5560548	201802.nc18	3027	3027	2951	36386	5547
HsInv0014	0.025	0	10	5001097	5060548	201802.nc17	217	217	212	2303	381
HsInv0014	0.025	0	10	5001097	5060548	201802.nc18	217	217	212	2303	381
HsInv0014	0.05	500000	10	4501097	5560548	201802.nc17	3017	3017	2894	36386	4348
HsInv0014	0.05	500000	10	4501097	5560548	201802.nc18	3027	3027	2903	36386	4348
HsInv0014	0.05	0	10	5001097	5060548	201802.nc17	217	217	210	2303	347
HsInv0014	0.05	0	10	5001097	5060548	201802.nc18	217	217	210	2303	347
HsInv0015	0.025	500000	10	12604977	13605277	201802.nc17	2287	2287	2214	33092	4304
HsInv0015	0.025	500000	10	12604977	13605277	201802.nc18	2287	2287	2214	33092	4304
HsInv0015	0.025	0	10	13104977	13105277	201802.nc17	0	0	0	10	0
HsInv0015	0.025	0	10	13104977	13105277	201802.nc18	0	0	0	10	0
HsInv0015	0.05	500000	10	12604977	13605277	201802.nc17	2287	2287	2193	33092	3426
HsInv0015	0.05	500000	10	12604977	13605277	201802.nc18	2287	2287	2193	33092	3426
HsInv0015	0.05	0	10	13104977	13105277	201802.nc17	0	0	0	10	0
HsInv0015	0.05	0	10	13104977	13105277	201802.nc18	0	0	0	10	0
HsInv0016	0.025	500000	10	58756942	59757986	201802.nc17	2185	2185	2125	29822	4106
HsInv0016	0.025	500000	10	58756942	59757986	201802.nc18	2185	2185	2125	29822	4106
HsInv0016	0.025	0	10	59256942	59257986	201802.nc17	3	3	3	15	4
HsInv0016	0.025	0	10	59256942	59257986	201802.nc18	3	3	3	15	4
HsInv0016	0.05	500000	10	58756942	59757986	201802.nc17	2185	2185	2094	29822	3645
HsInv0016	0.05	500000	10	58756942	59757986	201802.nc18	2185	2185	2093	29822	3645
HsInv0016	0.05	0	10	59256942	59257986	201802.nc17	3	3	3	15	3
HsInv0016	0.05	0	10	59256942	59257986	201802.nc18	3	3	3	15	3
HsInv0030	0.025	500000	16	74739540	75757217	201802.nc17	1935	1935	1841	35944	3969
HsInv0030	0.025	500000	16	74739540	75757217	201802.nc18	1936	1936	1842	35944	3969
HsInv0030	0.025	0	16	75239540	75257217	201802.nc17	26	26	25	878	135
HsInv0030	0.025	0	16	75239540	75257217	201802.nc18	26	26	25	878	135
HsInv0030	0.05	500000	16	74739540	75757217	201802.nc17	1935	1935	1801	35944	3157
HsInv0030	0.05	500000	16	74739540	75757217	201802.nc18	1936	1936	1802	35944	3157
HsInv0030	0.05	0	16	75239540	75257217	201802.nc17	26	26	25	878	98
HsInv0030	0.05	0	16	75239540	75257217	201802.nc18	26	26	25	878	98
HsInv0031	0.025	500000	16	84688714	85689804	201802.nc17	2455	2455	2362	42562	5031
HsInv0031	0.025	500000	16	84688714	85689804	201802.nc18	2454	2454	2361	42562	5031
HsInv0031	0.025	0	16	85188714	85189804	201802.nc17	8	8	8	51	9
HsInv0031	0.025	0	16	85188714	85189804	201802.nc18	8	8	8	51	9
HsInv0031	0.05	500000	16	84688714	85689804	201802.nc17	2455	2455	2322	42562	4031
HsInv0031	0.05	500000	16	84688714	85689804	201802.nc18	2454	2454	2321	42562	4031
HsInv0031	0.05	0	16	85188714	85189804	201802.nc17	8	8	8	51	9
HsInv0031	0.05	0	16	85188714	85189804	201802.nc18	8	8	8	51	9
HsInv0040	0.025	500000	2	138504245	139509344	201802.nc17	1559	1559	1500	27802	2559
HsInv0040	0.025	500000	2	138504245	139509344	201802.nc18	1560	1560	1501	27802	2559
HsInv0040	0.025	0	2	139004245	139009344	201802.nc17	10	10	10	113	21
HsInv0040	0.025	0	2	139004245	139009344	201802.nc18	10	10	10	113	21
HsInv0040	0.05	500000	2	138504245	139509344	201802.nc17	1559	1559	1465	27802	2096
HsInv0040	0.05	500000	2	138504245	139509344	201802.nc18	1560	1560	1466	27802	2096
HsInv0040	0.05	0	2	139004245	139009344	201802.nc17	10	10	10	113	19
HsInv0040	0.05	0	2	139004245	139009344	201802.nc18	10	10	10	113	19
HsInv0041	0.025	500000	2	224792949	225793951	201802.nc17	1522	1522	1459	27643	3088
HsInv0041	0.025	500000	2	224792949	225793951	201802.nc18	1521	1521	1458	27643	3088
HsInv0041	0.025	0	2	225292949	225293951	201802.nc17	0	0	0	17	6
HsInv0041	0.025	0	2	225292949	225293951	201802.nc18	0	0	0	17	6
HsInv0041	0.05	500000	2	224792949	225793951	201802.nc17	1522	1522	1418	27643	2572
HsInv0041	0.05	500000	2	224792949	225793951	201802.nc18	1521	1521	1417	27643	2572
HsInv0041	0.05	0	2	225292949	225293951	201802.nc17	0	0	0	17	6
HsInv0041	0.05	0	2	225292949	225293951	201802.nc18	0	0	0	17	6
HsInv0045	0.025	500000	21	27520569	28521746	201802.nc17	2223	2223	2134	28750	4001
HsInv0045	0.025	500000	21	27520569	28521746	201802.nc18	2223	2223	2134	28750	4001
HsInv0045	0.025	0	21	28020569	28021746	201802.nc17	10	10	10	49	11
HsInv0045	0.025	0	21	28020569	28021746	201802.nc18	10	10	10	49	11
HsInv0045	0.05	500000	21	27520569	28521746	201802.nc17	2223	2223	2071	28750	3391
HsInv0045	0.05	500000	21	27520569	28521746	201802.nc18	2223	2223	2071	28750	3391
HsInv0045	0.05	0	21	28020569	28021746	201802.nc17	10	10	10	49	11
HsInv0045	0.05	0	21	28020569	28021746	201802.nc18	10	10	10	49	11
HsInv0052nd	0.025	500000	3	162044964	163048274	201802.nc17	2910	2910	2854	27579	4978
HsInv0052nd	0.025	500000	3	162044964	163048274	201802.nc18	3074	3074	3016	27579	4978
HsInv0052nd	0.025	0	3	162544964	162548274	201802.nc17	0	0	0	52	14
HsInv0052nd	0.025	0	3	162544964	162548274	201802.nc18	8	8	8	52	14
HsInv0052nd	0.05	500000	3	162044964	163048274	201802.nc17	2910	2910	2803	27579	4196
HsInv0052nd	0.05	500000	3	162044964	163048274	201802.nc18	3074	3074	2965	27579	4196
HsInv0052nd	0.05	0	3	162544964	162548274	201802.nc17	0	0	0	52	10
HsInv0052nd	0.05	0	3	162544964	162548274	201802.nc18	8	8	8	52	10
HsInv0052si	0.025	500000	3	162044964	163048274	201802.nc17	2910	2910	2854	27579	4978
HsInv0052si	0.025	500000	3	162044964	163048274	201802.nc18	3074	3074	3016	27579	4978
HsInv0052si	0.025	0	3	162544964	162548274	201802.nc17	0	0	0	52	14
HsInv0052si	0.025	0	3	162544964	162548274	201802.nc18	8	8	8	52	14
HsInv0052si	0.05	500000	3	162044964	163048274	201802.nc17	2910	2910	2803	27579	4196
HsInv0052si	0.05	500000	3	162044964	163048274	201802.nc18	3074	3074	2965	27579	4196
HsInv0052si	0.05	0	3	162544964	162548274	201802.nc17	0	0	0	52	10
HsInv0052si	0.05	0	3	162544964	162548274	201802.nc18	8	8	8	52	10
HsInv0055	0.025	500000	5	63261828	64277843	201802.nc17	1374	1374	1315	26375	2280
HsInv0055	0.025	500000	5	63261828	64277843	201802.nc18	1377	1377	1318	26375	2280
HsInv0055	0.025	0	5	63761828	63777843	201802.nc17	13	13	11	394	51
HsInv0055	0.025	0	5	63761828	63777843	201802.nc18	13	13	11	394	51
HsInv0055	0.05	500000	5	63261828	64277843	201802.nc17	1374	1374	1292	26375	1834
HsInv0055	0.05	500000	5	63261828	64277843	201802.nc18	1377	1377	1295	26375	1834
HsInv0055	0.05	0	5	63761828	63777843	201802.nc17	13	13	11	394	40
HsInv0055	0.05	0	5	63761828	63777843	201802.nc18	13	13	11	394	40
HsInv0058	0.025	500000	6	30509220	31510096	201802.nc17	7	7	7	34810	13105
HsInv0058	0.025	500000	6	30509220	31510096	201802.nc18	8	8	8	34810	13105
HsInv0058	0.025	0	6	31009220	31010096	201802.nc17	0	0	0	25	8
HsInv0058	0.025	0	6	31009220	31010096	201802.nc18	0	0	0	25	8
HsInv0058	0.05	500000	6	30509220	31510096	201802.nc17	7	7	6	34810	10841
HsInv0058	0.05	500000	6	30509220	31510096	201802.nc18	8	8	7	34810	10841
HsInv0058	0.05	0	6	31009220	31010096	201802.nc17	0	0	0	25	5
HsInv0058	0.05	0	6	31009220	31010096	201802.nc18	0	0	0	25	5
HsInv0059	0.025	500000	6	89423628	90423951	201802.nc17	1173	1173	1114	25972	2630
HsInv0059	0.025	500000	6	89423628	90423951	201802.nc18	1174	1174	1115	25972	2630
HsInv0059	0.025	0	6	89923628	89923951	201802.nc17	1	1	1	9	4
HsInv0059	0.025	0	6	89923628	89923951	201802.nc18	1	1	1	9	4
HsInv0059	0.05	500000	6	89423628	90423951	201802.nc17	1173	1173	1099	25972	2163
HsInv0059	0.05	500000	6	89423628	90423951	201802.nc18	1174	1174	1100	25972	2163
HsInv0059	0.05	0	6	89923628	89923951	201802.nc17	1	1	1	9	4
HsInv0059	0.05	0	6	89923628	89923951	201802.nc18	1	1	1	9	4
HsInv0060	0.025	500000	6	94241075	95241417	201802.nc17	1615	1615	1541	29355	3457
HsInv0060	0.025	500000	6	94241075	95241417	201802.nc18	1616	1616	1542	29355	3457
HsInv0060	0.025	0	6	94741075	94741417	201802.nc17	0	0	0	3	2
HsInv0060	0.025	0	6	94741075	94741417	201802.nc18	0	0	0	3	2
HsInv0060	0.05	500000	6	94241075	95241417	201802.nc17	1615	1615	1495	29355	2624
HsInv0060	0.05	500000	6	94241075	95241417	201802.nc18	1616	1616	1496	29355	2624
HsInv0060	0.05	0	6	94741075	94741417	201802.nc17	0	0	0	3	0
HsInv0060	0.05	0	6	94741075	94741417	201802.nc18	0	0	0	3	0
HsInv0061	0.025	500000	6	106668553	107671536	201802.nc17	1872	1872	1810	28355	3946
HsInv0061	0.025	500000	6	106668553	107671536	201802.nc18	1873	1873	1811	28355	3946
HsInv0061	0.025	0	6	107168553	107171536	201802.nc17	1	1	1	84	16
HsInv0061	0.025	0	6	107168553	107171536	201802.nc18	1	1	1	84	16
HsInv0061	0.05	500000	6	106668553	107671536	201802.nc17	1872	1872	1792	28355	3273
HsInv0061	0.05	500000	6	106668553	107671536	201802.nc18	1873	1873	1793	28355	3273
HsInv0061	0.05	0	6	107168553	107171536	201802.nc17	1	1	1	84	11
HsInv0061	0.05	0	6	107168553	107171536	201802.nc18	1	1	1	84	11
HsInv0063	0.025	500000	7	69920968	70938887	201802.nc17	2049	2049	1981	30859	3972
HsInv0063	0.025	500000	7	69920968	70938887	201802.nc18	2050	2050	1982	30859	3972
HsInv0063	0.025	0	7	70420968	70438887	201802.nc17	55	55	55	541	107
HsInv0063	0.025	0	7	70420968	70438887	201802.nc18	55	55	55	541	107
HsInv0063	0.05	500000	7	69920968	70938887	201802.nc17	2049	2049	1912	30859	3214
HsInv0063	0.05	500000	7	69920968	70938887	201802.nc18	2050	2050	1913	30859	3214
HsInv0063	0.05	0	7	70420968	70438887	201802.nc17	55	55	55	541	97
HsInv0063	0.05	0	7	70420968	70438887	201802.nc18	55	55	55	541	97
HsInv0068	0.025	500000	9	76398139	77398393	201802.nc17	1694	1694	1637	26223	2491
HsInv0068	0.025	500000	9	76398139	77398393	201802.nc18	1696	1696	1639	26223	2491
HsInv0068	0.025	0	9	76898139	76898393	201802.nc17	0	0	0	1	0
HsInv0068	0.025	0	9	76898139	76898393	201802.nc18	0	0	0	1	0
HsInv0068	0.05	500000	9	76398139	77398393	201802.nc17	1694	1694	1601	26223	2146
HsInv0068	0.05	500000	9	76398139	77398393	201802.nc18	1696	1696	1603	26223	2146
HsInv0068	0.05	0	9	76898139	76898393	201802.nc17	0	0	0	1	0
HsInv0068	0.05	0	9	76898139	76898393	201802.nc18	0	0	0	1	0
HsInv0069	0.025	500000	9	115367543	116381590	201802.nc17	1766	1766	1702	26473	3295
HsInv0069	0.025	500000	9	115367543	116381590	201802.nc18	1765	1765	1701	26473	3295
HsInv0069	0.025	0	9	115867543	115881590	201802.nc17	3	3	3	71	12
HsInv0069	0.025	0	9	115867543	115881590	201802.nc18	3	3	3	71	12
HsInv0069	0.05	500000	9	115367543	116381590	201802.nc17	1766	1766	1560	26473	2636
HsInv0069	0.05	500000	9	115367543	116381590	201802.nc18	1765	1765	1559	26473	2636
HsInv0069	0.05	0	9	115867543	115881590	201802.nc17	3	3	3	71	11
HsInv0069	0.05	0	9	115867543	115881590	201802.nc18	3	3	3	71	11
HsInv0092	0.025	500000	6	130348186	131352295	201802.nc17	1744	1744	1655	28546	3641
HsInv0092	0.025	500000	6	130348186	131352295	201802.nc18	1746	1746	1657	28546	3641
HsInv0092	0.025	0	6	130848186	130852295	201802.nc17	0	0	0	123	14
HsInv0092	0.025	0	6	130848186	130852295	201802.nc18	0	0	0	123	14
HsInv0092	0.05	500000	6	130348186	131352295	201802.nc17	1744	1744	1610	28546	2979
HsInv0092	0.05	500000	6	130348186	131352295	201802.nc18	1746	1746	1612	28546	2979
HsInv0092	0.05	0	6	130848186	130852295	201802.nc17	0	0	0	123	13
HsInv0092	0.05	0	6	130848186	130852295	201802.nc18	0	0	0	123	13
HsInv0095	0.025	500000	4	88347164	89358700	201802.nc17	2093	2093	2013	28089	3610
HsInv0095	0.025	500000	4	88347164	89358700	201802.nc18	2093	2093	2013	28089	3610
HsInv0095	0.025	0	4	88847164	88858700	201802.nc17	30	30	30	364	90
HsInv0095	0.025	0	4	88847164	88858700	201802.nc18	30	30	30	364	90
HsInv0095	0.05	500000	4	88347164	89358700	201802.nc17	2093	2093	1977	28089	3072
HsInv0095	0.05	500000	4	88347164	89358700	201802.nc18	2093	2093	1977	28089	3072
HsInv0095	0.05	0	4	88847164	88858700	201802.nc17	30	30	30	364	78
HsInv0095	0.05	0	4	88847164	88858700	201802.nc18	30	30	30	364	78
HsInv0097	0.025	500000	3	107219822	108242131	201802.nc17	1490	1490	1429	26471	2746
HsInv0097	0.025	500000	3	107219822	108242131	201802.nc18	1488	1488	1427	26471	2746
HsInv0097	0.025	0	3	107719822	107742131	201802.nc17	54	54	52	672	73
HsInv0097	0.025	0	3	107719822	107742131	201802.nc18	54	54	52	672	73
HsInv0097	0.05	500000	3	107219822	108242131	201802.nc17	1490	1490	1380	26471	2395
HsInv0097	0.05	500000	3	107219822	108242131	201802.nc18	1488	1488	1378	26471	2395
HsInv0097	0.05	0	3	107719822	107742131	201802.nc17	54	54	51	672	65
HsInv0097	0.05	0	3	107719822	107742131	201802.nc18	54	54	51	672	65
HsInv0098	0.025	500000	3	40862143	41863805	201802.nc17	1066	1066	996	28856	3380
HsInv0098	0.025	500000	3	40862143	41863805	201802.nc18	1068	1068	998	28856	3380
HsInv0098	0.025	0	3	41362143	41363805	201802.nc17	0	0	0	49	6
HsInv0098	0.025	0	3	41362143	41363805	201802.nc18	0	0	0	49	6
HsInv0098	0.05	500000	3	40862143	41863805	201802.nc17	1066	1066	994	28856	2776
HsInv0098	0.05	500000	3	40862143	41863805	201802.nc18	1068	1068	996	28856	2776
HsInv0098	0.05	0	3	41362143	41363805	201802.nc17	0	0	0	49	6
HsInv0098	0.05	0	3	41362143	41363805	201802.nc18	0	0	0	49	6
HsInv0102	0.025	500000	4	39735027	40737060	201802.nc17	1620	1620	1536	28388	3598
HsInv0102	0.025	500000	4	39735027	40737060	201802.nc18	1620	1620	1536	28388	3598
HsInv0102	0.025	0	4	40235027	40237060	201802.nc17	8	8	8	42	9
HsInv0102	0.025	0	4	40235027	40237060	201802.nc18	8	8	8	42	9
HsInv0102	0.05	500000	4	39735027	40737060	201802.nc17	1620	1620	1518	28388	2880
HsInv0102	0.05	500000	4	39735027	40737060	201802.nc18	1620	1620	1518	28388	2880
HsInv0102	0.05	0	4	40235027	40237060	201802.nc17	8	8	8	42	8
HsInv0102	0.05	0	4	40235027	40237060	201802.nc18	8	8	8	42	8
HsInv0105	0.025	500000	7	40379375	41380470	201802.nc17	1095	1095	1030	26711	2614
HsInv0105	0.025	500000	7	40379375	41380470	201802.nc18	1094	1094	1029	26711	2614
HsInv0105	0.025	0	7	40879375	40880470	201802.nc17	1	1	1	20	1
HsInv0105	0.025	0	7	40879375	40880470	201802.nc18	1	1	1	20	1
HsInv0105	0.05	500000	7	40379375	41380470	201802.nc17	1095	1095	1000	26711	1945
HsInv0105	0.05	500000	7	40379375	41380470	201802.nc18	1094	1094	999	26711	1945
HsInv0105	0.05	0	7	40879375	40880470	201802.nc17	1	1	1	20	1
HsInv0105	0.05	0	7	40879375	40880470	201802.nc18	1	1	1	20	1
HsInv0113	0.025	500000	9	104823118	105835097	201802.nc17	2653	2653	2564	32410	4783
HsInv0113	0.025	500000	9	104823118	105835097	201802.nc18	2653	2653	2564	32410	4783
HsInv0113	0.025	0	9	105323118	105335097	201802.nc17	23	23	22	356	42
HsInv0113	0.025	0	9	105323118	105335097	201802.nc18	23	23	22	356	42
HsInv0113	0.05	500000	9	104823118	105835097	201802.nc17	2653	2653	2408	32410	3848
HsInv0113	0.05	500000	9	104823118	105835097	201802.nc18	2653	2653	2408	32410	3848
HsInv0113	0.05	0	9	105323118	105335097	201802.nc17	23	23	21	356	39
HsInv0113	0.05	0	9	105323118	105335097	201802.nc18	23	23	21	356	39
HsInv0114	0.025	500000	9	126238652	127256051	201802.nc17	1331	1331	1265	28734	3139
HsInv0114	0.025	500000	9	126238652	127256051	201802.nc18	1331	1331	1265	28734	3139
HsInv0114	0.025	0	9	126738652	126756051	201802.nc17	13	13	10	424	45
HsInv0114	0.025	0	9	126738652	126756051	201802.nc18	13	13	10	424	45
HsInv0114	0.05	500000	9	126238652	127256051	201802.nc17	1331	1331	1247	28734	2443
HsInv0114	0.05	500000	9	126238652	127256051	201802.nc18	1331	1331	1247	28734	2443
HsInv0114	0.05	0	9	126738652	126756051	201802.nc17	13	13	10	424	42
HsInv0114	0.05	0	9	126738652	126756051	201802.nc18	13	13	10	424	42
HsInv0124	0.025	500000	11	-189775	819555	201802.nc17	1132	1132	1094	23868	2910
HsInv0124	0.025	500000	11	-189775	819555	201802.nc18	1124	1124	1086	23868	2910
HsInv0124	0.025	0	11	310225	319555	201802.nc17	7	7	6	216	16
HsInv0124	0.025	0	11	310225	319555	201802.nc18	7	7	6	216	16
HsInv0124	0.05	500000	11	-189775	819555	201802.nc17	1132	1132	1059	23868	2392
HsInv0124	0.05	500000	11	-189775	819555	201802.nc18	1124	1124	1051	23868	2392
HsInv0124	0.05	0	11	310225	319555	201802.nc17	7	7	6	216	15
HsInv0124	0.05	0	11	310225	319555	201802.nc18	7	7	6	216	15
HsInv0141	0.025	500000	2	179901813	180922859	201802.nc17	1957	1957	1877	28767	3585
HsInv0141	0.025	500000	2	179901813	180922859	201802.nc18	1958	1958	1878	28767	3585
HsInv0141	0.025	0	2	180401813	180422859	201802.nc17	26	26	25	539	62
HsInv0141	0.025	0	2	180401813	180422859	201802.nc18	27	27	26	539	62
HsInv0141	0.05	500000	2	179901813	180922859	201802.nc17	1957	1957	1794	28767	3010
HsInv0141	0.05	500000	2	179901813	180922859	201802.nc18	1958	1958	1795	28767	3010
HsInv0141	0.05	0	2	180401813	180422859	201802.nc17	26	26	20	539	50
HsInv0141	0.05	0	2	180401813	180422859	201802.nc18	27	27	21	539	50
HsInv0147	0.025	500000	12	71439834	72441663	201802.nc17	1674	1674	1569	26295	3089
HsInv0147	0.025	500000	12	71439834	72441663	201802.nc18	1677	1677	1572	26295	3089
HsInv0147	0.025	0	12	71939834	71941663	201802.nc17	3	3	3	64	8
HsInv0147	0.025	0	12	71939834	71941663	201802.nc18	3	3	3	64	8
HsInv0147	0.05	500000	12	71439834	72441663	201802.nc17	1674	1674	1543	26295	2403
HsInv0147	0.05	500000	12	71439834	72441663	201802.nc18	1677	1677	1546	26295	2403
HsInv0147	0.05	0	12	71939834	71941663	201802.nc17	3	3	3	64	8
HsInv0147	0.05	0	12	71939834	71941663	201802.nc18	3	3	3	64	8
HsInv0156	0.025	500000	2	122976174	123983104	201802.nc17	1870	1870	1794	29994	3788
HsInv0156	0.025	500000	2	122976174	123983104	201802.nc18	1872	1872	1796	29994	3788
HsInv0156	0.025	0	2	123476174	123483104	201802.nc17	6	6	5	196	16
HsInv0156	0.025	0	2	123476174	123483104	201802.nc18	6	6	5	196	16
HsInv0156	0.05	500000	2	122976174	123983104	201802.nc17	1870	1870	1751	29994	2883
HsInv0156	0.05	500000	2	122976174	123983104	201802.nc18	1872	1872	1753	29994	2883
HsInv0156	0.05	0	2	123476174	123483104	201802.nc17	6	6	5	196	10
HsInv0156	0.05	0	2	123476174	123483104	201802.nc18	6	6	5	196	10
HsInv0163	0.025	500000	10	56266830	57273505	201802.nc17	1925	1925	1854	29344	3637
HsInv0163	0.025	500000	10	56266830	57273505	201802.nc18	1922	1922	1851	29344	3637
HsInv0163	0.025	0	10	56766830	56773505	201802.nc17	14	14	14	167	18
HsInv0163	0.025	0	10	56766830	56773505	201802.nc18	14	14	14	167	18
HsInv0163	0.05	500000	10	56266830	57273505	201802.nc17	1925	1925	1822	29344	3135
HsInv0163	0.05	500000	10	56266830	57273505	201802.nc18	1922	1922	1819	29344	3135
HsInv0163	0.05	0	10	56766830	56773505	201802.nc17	14	14	14	167	16
HsInv0163	0.05	0	10	56766830	56773505	201802.nc18	14	14	14	167	16
HsInv0174	0.025	500000	1	43558707	44560250	201802.nc17	1377	1377	1300	26571	2486
HsInv0174	0.025	500000	1	43558707	44560250	201802.nc18	1377	1377	1300	26571	2486
HsInv0174	0.025	0	1	44058707	44060250	201802.nc17	3	3	3	51	10
HsInv0174	0.025	0	1	44058707	44060250	201802.nc18	3	3	3	51	10
HsInv0174	0.05	500000	1	43558707	44560250	201802.nc17	1377	1377	1272	26571	2051
HsInv0174	0.05	500000	1	43558707	44560250	201802.nc18	1377	1377	1272	26571	2051
HsInv0174	0.05	0	1	44058707	44060250	201802.nc17	3	3	3	51	8
HsInv0174	0.05	0	1	44058707	44060250	201802.nc18	3	3	3	51	8
HsInv0181	0.025	500000	8	102929511	103941549	201802.nc17	1299	1299	1227	27480	3197
HsInv0181	0.025	500000	8	102929511	103941549	201802.nc18	1301	1301	1229	27480	3197
HsInv0181	0.025	0	8	103429511	103441549	201802.nc17	16	16	16	310	45
HsInv0181	0.025	0	8	103429511	103441549	201802.nc18	16	16	16	310	45
HsInv0181	0.05	500000	8	102929511	103941549	201802.nc17	1299	1299	1203	27480	2387
HsInv0181	0.05	500000	8	102929511	103941549	201802.nc18	1301	1301	1205	27480	2387
HsInv0181	0.05	0	8	103429511	103441549	201802.nc17	16	16	16	310	31
HsInv0181	0.05	0	8	103429511	103441549	201802.nc18	16	16	16	310	31
HsInv0191	0.025	500000	10	74919094	75920387	201802.nc17	489	489	429	25114	2207
HsInv0191	0.025	500000	10	74919094	75920387	201802.nc18	487	487	427	25114	2207
HsInv0191	0.025	0	10	75419094	75420387	201802.nc17	0	0	0	28	6
HsInv0191	0.025	0	10	75419094	75420387	201802.nc18	0	0	0	28	6
HsInv0191	0.05	500000	10	74919094	75920387	201802.nc17	489	489	423	25114	1686
HsInv0191	0.05	500000	10	74919094	75920387	201802.nc18	487	487	421	25114	1686
HsInv0191	0.05	0	10	75419094	75420387	201802.nc17	0	0	0	28	6
HsInv0191	0.05	0	10	75419094	75420387	201802.nc18	0	0	0	28	6
HsInv0193	0.025	500000	20	10282867	11294686	201802.nc17	1805	1805	1742	29089	3390
HsInv0193	0.025	500000	20	10282867	11294686	201802.nc18	1804	1804	1741	29089	3390
HsInv0193	0.025	0	20	10782867	10794686	201802.nc17	26	26	25	312	47
HsInv0193	0.025	0	20	10782867	10794686	201802.nc18	26	26	25	312	47
HsInv0193	0.05	500000	20	10282867	11294686	201802.nc17	1805	1805	1728	29089	2693
HsInv0193	0.05	500000	20	10282867	11294686	201802.nc18	1804	1804	1727	29089	2693
HsInv0193	0.05	0	20	10782867	10794686	201802.nc17	26	26	25	312	30
HsInv0193	0.05	0	20	10782867	10794686	201802.nc18	26	26	25	312	30
HsInv0201	0.025	500000	5	147053040	148054778	201802.nc17	1616	1616	1565	27598	3581
HsInv0201	0.025	500000	5	147053040	148054778	201802.nc18	1626	1626	1575	27598	3581
HsInv0201	0.025	0	5	147553040	147554778	201802.nc17	0	0	0	30	6
HsInv0201	0.025	0	5	147553040	147554778	201802.nc18	0	0	0	30	6
HsInv0201	0.05	500000	5	147053040	148054778	201802.nc17	1616	1616	1549	27598	2860
HsInv0201	0.05	500000	5	147053040	148054778	201802.nc18	1626	1626	1558	27598	2860
HsInv0201	0.05	0	5	147553040	147554778	201802.nc17	0	0	0	30	5
HsInv0201	0.05	0	5	147553040	147554778	201802.nc18	0	0	0	30	5
HsInv0209	0.025	500000	11	70775837	71794798	201802.nc17	1841	1841	1754	36385	4810
HsInv0209	0.025	500000	11	70775837	71794798	201802.nc18	1846	1846	1759	36385	4810
HsInv0209	0.025	0	11	71275837	71294798	201802.nc17	56	56	55	770	115
HsInv0209	0.025	0	11	71275837	71294798	201802.nc18	56	56	55	770	115
HsInv0209	0.05	500000	11	70775837	71794798	201802.nc17	1841	1841	1684	36385	3593
HsInv0209	0.05	500000	11	70775837	71794798	201802.nc18	1846	1846	1689	36385	3593
HsInv0209	0.05	0	11	71275837	71294798	201802.nc17	56	56	55	770	97
HsInv0209	0.05	0	11	71275837	71294798	201802.nc18	56	56	55	770	97
HsInv0212	0.025	500000	4	167610062	168620505	201802.nc17	1779	1779	1679	28567	3530
HsInv0212	0.025	500000	4	167610062	168620505	201802.nc18	1780	1780	1680	28567	3530
HsInv0212	0.025	0	4	168110062	168120505	201802.nc17	9	9	8	267	15
HsInv0212	0.025	0	4	168110062	168120505	201802.nc18	9	9	8	267	15
HsInv0212	0.05	500000	4	167610062	168620505	201802.nc17	1779	1779	1636	28567	2730
HsInv0212	0.05	500000	4	167610062	168620505	201802.nc18	1780	1780	1637	28567	2730
HsInv0212	0.05	0	4	168110062	168120505	201802.nc17	9	9	7	267	7
HsInv0212	0.05	0	4	168110062	168120505	201802.nc18	9	9	7	267	7
HsInv0228	0.025	500000	1	149286264	150347721	201802.nc17	535	529	499	18856	1788
HsInv0228	0.025	500000	1	149286264	150347721	201802.nc18	535	529	500	18856	1788
HsInv0228	0.025	0	1	149786264	149847721	201802.nc17	4	3	2	356	24
HsInv0228	0.025	0	1	149786264	149847721	201802.nc18	4	3	2	356	24
HsInv0228	0.05	500000	1	149286264	150347721	201802.nc17	535	529	384	18856	1067
HsInv0228	0.05	500000	1	149286264	150347721	201802.nc18	535	529	384	18856	1067
HsInv0228	0.05	0	1	149786264	149847721	201802.nc17	4	3	2	356	11
HsInv0228	0.05	0	1	149786264	149847721	201802.nc18	4	3	2	356	11
HsInv0239	0.025	500000	1	147252351	148276146	201802.nc17	2	2	2	11243	1126
HsInv0239	0.025	500000	1	147252351	148276146	201802.nc18	2	2	2	11243	1126
HsInv0239	0.025	0	1	147752351	147776146	201802.nc17	0	0	0	655	68
HsInv0239	0.025	0	1	147752351	147776146	201802.nc18	0	0	0	655	68
HsInv0239	0.05	500000	1	147252351	148276146	201802.nc17	2	2	1	11243	781
HsInv0239	0.05	500000	1	147252351	148276146	201802.nc18	2	2	1	11243	781
HsInv0239	0.05	0	1	147752351	147776146	201802.nc17	0	0	0	655	51
HsInv0239	0.05	0	1	147752351	147776146	201802.nc18	0	0	0	655	51
HsInv0241	0.025	500000	2	241115561	242138174	201802.nc17	2461	2461	2358	34361	4760
HsInv0241	0.025	500000	2	241115561	242138174	201802.nc18	2462	2462	2359	34361	4760
HsInv0241	0.025	0	2	241615561	241638174	201802.nc17	1	1	0	555	108
HsInv0241	0.025	0	2	241615561	241638174	201802.nc18	1	1	0	555	108
HsInv0241	0.05	500000	2	241115561	242138174	201802.nc17	2461	2461	2292	34361	3800
HsInv0241	0.05	500000	2	241115561	242138174	201802.nc18	2462	2462	2293	34361	3800
HsInv0241	0.05	0	2	241615561	241638174	201802.nc17	1	1	0	555	89
HsInv0241	0.05	0	2	241615561	241638174	201802.nc18	1	1	0	555	89
HsInv0260	0.025	500000	2	184069176	185072011	201802.nc17	1836	1836	1782	28845	3715
HsInv0260	0.025	500000	2	184069176	185072011	201802.nc18	1835	1835	1781	28845	3715
HsInv0260	0.025	0	2	184569176	184572011	201802.nc17	4	4	4	67	6
HsInv0260	0.025	0	2	184569176	184572011	201802.nc18	4	4	4	67	6
HsInv0260	0.05	500000	2	184069176	185072011	201802.nc17	1836	1836	1766	28845	2872
HsInv0260	0.05	500000	2	184069176	185072011	201802.nc18	1835	1835	1765	28845	2872
HsInv0260	0.05	0	2	184569176	184572011	201802.nc17	4	4	4	67	5
HsInv0260	0.05	0	2	184569176	184572011	201802.nc18	4	4	4	67	5
HsInv0266	0.025	500000	4	188369595	189377670	201802.nc17	2270	2270	2179	33201	5159
HsInv0266	0.025	500000	4	188369595	189377670	201802.nc18	2273	2273	2182	33201	5159
HsInv0266	0.025	0	4	188869595	188877670	201802.nc17	3	3	2	179	5
HsInv0266	0.025	0	4	188869595	188877670	201802.nc18	3	3	2	179	5
HsInv0266	0.05	500000	4	188369595	189377670	201802.nc17	2270	2270	2135	33201	4341
HsInv0266	0.05	500000	4	188369595	189377670	201802.nc18	2273	2273	2138	33201	4341
HsInv0266	0.05	0	4	188869595	188877670	201802.nc17	3	3	2	179	2
HsInv0266	0.05	0	4	188869595	188877670	201802.nc18	3	3	2	179	2
HsInv0278	0.025	500000	5	180022750	181030642	201802.nc17	1300	1300	1262	21724	3040
HsInv0278	0.025	500000	5	180022750	181030642	201802.nc18	1296	1296	1258	21724	3040
HsInv0278	0.025	0	5	180522750	180530642	201802.nc17	12	12	12	111	21
HsInv0278	0.025	0	5	180522750	180530642	201802.nc18	11	11	11	111	21
HsInv0278	0.05	500000	5	180022750	181030642	201802.nc17	1300	1300	1231	21724	2492
HsInv0278	0.05	500000	5	180022750	181030642	201802.nc18	1296	1296	1228	21724	2492
HsInv0278	0.05	0	5	180522750	180530642	201802.nc17	12	12	12	111	19
HsInv0278	0.05	0	5	180522750	180530642	201802.nc18	11	11	11	111	19
HsInv0284	0.025	500000	6	141687461	142719851	201802.nc17	1272	1272	1216	28081	2935
HsInv0284	0.025	500000	6	141687461	142719851	201802.nc18	1274	1274	1218	28081	2935
HsInv0284	0.025	0	6	142187461	142219851	201802.nc17	34	34	33	937	95
HsInv0284	0.025	0	6	142187461	142219851	201802.nc18	34	34	33	937	95
HsInv0284	0.05	500000	6	141687461	142719851	201802.nc17	1272	1272	1196	28081	2175
HsInv0284	0.05	500000	6	141687461	142719851	201802.nc18	1274	1274	1198	28081	2175
HsInv0284	0.05	0	6	142187461	142219851	201802.nc17	34	34	32	937	81
HsInv0284	0.05	0	6	142187461	142219851	201802.nc18	34	34	32	937	81
HsInv0286	0.025	500000	7	53790974	54886821	201802.nc17	2692	2692	2625	33867	4780
HsInv0286	0.025	500000	7	53790974	54886821	201802.nc18	2695	2695	2626	33867	4780
HsInv0286	0.025	0	7	54290974	54386821	201802.nc17	79	79	77	2457	331
HsInv0286	0.025	0	7	54290974	54386821	201802.nc18	79	79	77	2457	331
HsInv0286	0.05	500000	7	53790974	54886821	201802.nc17	2692	2692	2497	33867	3702
HsInv0286	0.05	500000	7	53790974	54886821	201802.nc18	2695	2695	2498	33867	3702
HsInv0286	0.05	0	7	54290974	54386821	201802.nc17	79	79	71	2457	203
HsInv0286	0.05	0	7	54290974	54386821	201802.nc18	79	79	71	2457	203
HsInv0290	0.025	500000	7	5433269	7372518	201802.nc17	3742	3742	3409	71822	8760
HsInv0290	0.025	500000	7	5433269	7372518	201802.nc18	3744	3744	3409	71822	8760
HsInv0290	0.025	0	7	5933269	6872518	201802.nc17	1237	1237	1184	30020	3072
HsInv0290	0.025	0	7	5933269	6872518	201802.nc18	1239	1239	1184	30020	3072
HsInv0290	0.05	500000	7	5433269	7372518	201802.nc17	3742	3742	3288	71822	6854
HsInv0290	0.05	500000	7	5433269	7372518	201802.nc18	3744	3744	3288	71822	6854
HsInv0290	0.05	0	7	5933269	6872518	201802.nc17	1237	1237	1137	30020	2480
HsInv0290	0.05	0	7	5933269	6872518	201802.nc18	1239	1239	1137	30020	2480
HsInv0325	0.025	500000	10	36881315	37903093	201802.nc17	1212	1212	1132	30902	3320
HsInv0325	0.025	500000	10	36881315	37903093	201802.nc18	1213	1213	1133	30902	3320
HsInv0325	0.025	0	10	37381315	37403093	201802.nc17	26	26	25	630	57
HsInv0325	0.025	0	10	37381315	37403093	201802.nc18	26	26	25	630	57
HsInv0325	0.05	500000	10	36881315	37903093	201802.nc17	1212	1212	1089	30902	2375
HsInv0325	0.05	500000	10	36881315	37903093	201802.nc18	1213	1213	1090	30902	2375
HsInv0325	0.05	0	10	37381315	37403093	201802.nc17	26	26	25	630	36
HsInv0325	0.05	0	10	37381315	37403093	201802.nc18	26	26	25	630	36
HsInv0340	0.025	500000	13	63790984	64843590	201802.nc17	1976	1976	1918	30872	4438
HsInv0340	0.025	500000	13	63790984	64843590	201802.nc18	1978	1978	1920	30872	4438
HsInv0340	0.025	0	13	64290984	64343590	201802.nc17	2	2	1	1034	138
HsInv0340	0.025	0	13	64290984	64343590	201802.nc18	2	2	1	1034	138
HsInv0340	0.05	500000	13	63790984	64843590	201802.nc17	1976	1976	1907	30872	3469
HsInv0340	0.05	500000	13	63790984	64843590	201802.nc18	1978	1978	1909	30872	3469
HsInv0340	0.05	0	13	64290984	64343590	201802.nc17	2	2	1	1034	71
HsInv0340	0.05	0	13	64290984	64343590	201802.nc18	2	2	1	1034	71
HsInv0341	0.025	500000	13	79893902	80917242	201802.nc17	1295	1295	1225	26656	2674
HsInv0341	0.025	500000	13	79893902	80917242	201802.nc18	1295	1295	1225	26656	2674
HsInv0341	0.025	0	13	80393902	80417242	201802.nc17	13	13	13	623	58
HsInv0341	0.025	0	13	80393902	80417242	201802.nc18	13	13	13	623	58
HsInv0341	0.05	500000	13	79893902	80917242	201802.nc17	1295	1295	1213	26656	2173
HsInv0341	0.05	500000	13	79893902	80917242	201802.nc18	1295	1295	1213	26656	2173
HsInv0341	0.05	0	13	80393902	80417242	201802.nc17	13	13	13	623	49
HsInv0341	0.05	0	13	80393902	80417242	201802.nc18	13	13	13	623	49
HsInv0344	0.025	500000	14	34510051	35531476	201802.nc17	1892	1892	1823	28296	3779
HsInv0344	0.025	500000	14	34510051	35531476	201802.nc18	1892	1892	1823	28296	3779
HsInv0344	0.025	0	14	35010051	35031476	201802.nc17	15	15	13	256	33
HsInv0344	0.025	0	14	35010051	35031476	201802.nc18	15	15	13	256	33
HsInv0344	0.05	500000	14	34510051	35531476	201802.nc17	1892	1892	1675	28296	3073
HsInv0344	0.05	500000	14	34510051	35531476	201802.nc18	1892	1892	1675	28296	3073
HsInv0344	0.05	0	14	35010051	35031476	201802.nc17	15	15	13	256	26
HsInv0344	0.05	0	14	35010051	35031476	201802.nc18	15	15	13	256	26
HsInv0347	0.025	500000	14	60571248	61579966	201802.nc17	1092	1092	1049	26307	1844
HsInv0347	0.025	500000	14	60571248	61579966	201802.nc18	1097	1097	1054	26307	1844
HsInv0347	0.025	0	14	61071248	61079966	201802.nc17	6	6	5	203	18
HsInv0347	0.025	0	14	61071248	61079966	201802.nc18	6	6	5	203	18
HsInv0347	0.05	500000	14	60571248	61579966	201802.nc17	1092	1092	1033	26307	1475
HsInv0347	0.05	500000	14	60571248	61579966	201802.nc18	1097	1097	1038	26307	1475
HsInv0347	0.05	0	14	61071248	61079966	201802.nc17	6	6	5	203	7
HsInv0347	0.05	0	14	61071248	61079966	201802.nc18	6	6	5	203	7
HsInv0370nd	0.025	500000	16	19991651	21054749	201802.nc17	1664	1664	1608	29506	3404
HsInv0370nd	0.025	500000	16	19991651	21054749	201802.nc18	1664	1664	1608	29506	3404
HsInv0370nd	0.025	0	16	20491651	20554749	201802.nc17	84	84	81	1609	189
HsInv0370nd	0.025	0	16	20491651	20554749	201802.nc18	84	84	81	1609	189
HsInv0370nd	0.05	500000	16	19991651	21054749	201802.nc17	1664	1664	1561	29506	2799
HsInv0370nd	0.05	500000	16	19991651	21054749	201802.nc18	1664	1664	1561	29506	2799
HsInv0370nd	0.05	0	16	20491651	20554749	201802.nc17	84	84	81	1609	166
HsInv0370nd	0.05	0	16	20491651	20554749	201802.nc18	84	84	81	1609	166
HsInv0370si	0.025	500000	16	19991651	21054749	201802.nc17	1664	1664	1608	29506	3404
HsInv0370si	0.025	500000	16	19991651	21054749	201802.nc18	1664	1664	1608	29506	3404
HsInv0370si	0.025	0	16	20491651	20554749	201802.nc17	84	84	81	1609	189
HsInv0370si	0.025	0	16	20491651	20554749	201802.nc18	84	84	81	1609	189
HsInv0370si	0.05	500000	16	19991651	21054749	201802.nc17	1664	1664	1561	29506	2799
HsInv0370si	0.05	500000	16	19991651	21054749	201802.nc18	1664	1664	1561	29506	2799
HsInv0370si	0.05	0	16	20491651	20554749	201802.nc17	84	84	81	1609	166
HsInv0370si	0.05	0	16	20491651	20554749	201802.nc18	84	84	81	1609	166
HsInv0371	0.025	500000	17	57610457	58699347	201802.nc17	487	487	416	25522	2225
HsInv0371	0.025	500000	17	57610457	58699347	201802.nc18	489	489	419	25522	2225
HsInv0371	0.025	0	17	58110457	58199347	201802.nc17	28	28	24	1811	126
HsInv0371	0.025	0	17	58110457	58199347	201802.nc18	28	28	24	1811	126
HsInv0371	0.05	500000	17	57610457	58699347	201802.nc17	487	487	411	25522	1674
HsInv0371	0.05	500000	17	57610457	58699347	201802.nc18	489	489	414	25522	1674
HsInv0371	0.05	0	17	58110457	58199347	201802.nc17	28	28	24	1811	110
HsInv0371	0.05	0	17	58110457	58199347	201802.nc18	28	28	24	1811	110
HsInv0374	0.025	500000	17	28443753	29457753	201802.nc17	654	654	595	26846	2492
HsInv0374	0.025	500000	17	28443753	29457753	201802.nc18	654	654	595	26846	2492
HsInv0374	0.025	0	17	28943753	28957753	201802.nc17	0	0	0	178	32
HsInv0374	0.025	0	17	28943753	28957753	201802.nc18	0	0	0	178	32
HsInv0374	0.05	500000	17	28443753	29457753	201802.nc17	654	654	582	26846	1814
HsInv0374	0.05	500000	17	28443753	29457753	201802.nc18	654	654	582	26846	1814
HsInv0374	0.05	0	17	28943753	28957753	201802.nc17	0	0	0	178	20
HsInv0374	0.05	0	17	28943753	28957753	201802.nc18	0	0	0	178	20
HsInv0379	0.025	500000	19	21330133	22745261	201802.nc17	2609	2609	2492	43335	6001
HsInv0379	0.025	500000	19	21330133	22745261	201802.nc18	2618	2618	2501	43335	6001
HsInv0379	0.025	0	19	21830133	22245261	201802.nc17	638	638	603	12970	1905
HsInv0379	0.025	0	19	21830133	22245261	201802.nc18	647	647	612	12970	1905
HsInv0379	0.05	500000	19	21330133	22745261	201802.nc17	2609	2609	2454	43335	4864
HsInv0379	0.05	500000	19	21330133	22745261	201802.nc18	2618	2618	2463	43335	4864
HsInv0379	0.05	0	19	21830133	22245261	201802.nc17	638	638	571	12970	1556
HsInv0379	0.05	0	19	21830133	22245261	201802.nc18	647	647	580	12970	1556
HsInv0382	0.025	500000	20	25224734	26594266	201802.nc17	646	646	617	28658	3038
HsInv0382	0.025	500000	20	25224734	26594266	201802.nc18	645	645	616	28658	3038
HsInv0382	0.025	0	20	25724734	26094266	201802.nc17	0	0	0	6601	809
HsInv0382	0.025	0	20	25724734	26094266	201802.nc18	0	0	0	6601	809
HsInv0382	0.05	500000	20	25224734	26594266	201802.nc17	646	646	614	28658	2286
HsInv0382	0.05	500000	20	25224734	26594266	201802.nc18	645	645	613	28658	2286
HsInv0382	0.05	0	20	25724734	26094266	201802.nc17	0	0	0	6601	619
HsInv0382	0.05	0	20	25724734	26094266	201802.nc18	0	0	0	6601	619
HsInv0442	0.025	500000	18	11008914	12011890	201802.nc17	2146	2146	2066	32135	4389
HsInv0442	0.025	500000	18	11008914	12011890	201802.nc18	2146	2146	2066	32135	4389
HsInv0442	0.025	0	18	11508914	11511890	201802.nc17	8	8	8	54	9
HsInv0442	0.025	0	18	11508914	11511890	201802.nc18	8	8	8	54	9
HsInv0442	0.05	500000	18	11008914	12011890	201802.nc17	2146	2146	2015	32135	3628
HsInv0442	0.05	500000	18	11008914	12011890	201802.nc18	2146	2146	2015	32135	3628
HsInv0442	0.05	0	18	11508914	11511890	201802.nc17	8	8	8	54	9
HsInv0442	0.05	0	18	11508914	11511890	201802.nc18	8	8	8	54	9
HsInv0486	0.025	500000	7	48371008	49471139	201802.nc17	2214	2214	2146	33234	4362
HsInv0486	0.025	500000	7	48371008	49471139	201802.nc18	2218	2218	2150	33234	4362
HsInv0486	0.025	0	7	48871008	48971139	201802.nc17	242	242	239	3289	454
HsInv0486	0.025	0	7	48871008	48971139	201802.nc18	244	244	241	3289	454
HsInv0486	0.05	500000	7	48371008	49471139	201802.nc17	2214	2214	2115	33234	3500
HsInv0486	0.05	500000	7	48371008	49471139	201802.nc18	2218	2218	2119	33234	3500
HsInv0486	0.05	0	7	48871008	48971139	201802.nc17	242	242	231	3289	395
HsInv0486	0.05	0	7	48871008	48971139	201802.nc18	244	244	233	3289	395
HsInv0573	0.025	500000	17	43073202	45284489	201802.nc17	820	820	771	49585	7114
HsInv0573	0.025	500000	17	43073202	45284489	201802.nc18	827	827	778	49585	7114
HsInv0573	0.025	0	17	43573202	44784489	201802.nc17	2	2	2	23514	4482
HsInv0573	0.025	0	17	43573202	44784489	201802.nc18	6	6	6	23514	4482
HsInv0573	0.05	500000	17	43073202	45284489	201802.nc17	820	820	755	49585	6273
HsInv0573	0.05	500000	17	43073202	45284489	201802.nc18	827	827	762	49585	6273
HsInv0573	0.05	0	17	43573202	44784489	201802.nc17	2	2	2	23514	4181
HsInv0573	0.05	0	17	43573202	44784489	201802.nc18	6	6	6	23514	4181
HsInv0626	0.025	500000	7	158425350	159457063	201802.nc17	1453	1453	1389	23416	2801
HsInv0626	0.025	500000	7	158425350	159457063	201802.nc18	1443	1443	1379	23416	2801
HsInv0626	0.025	0	7	158925350	158957063	201802.nc17	88	88	83	1100	188
HsInv0626	0.025	0	7	158925350	158957063	201802.nc18	83	83	78	1100	188
HsInv0626	0.05	500000	7	158425350	159457063	201802.nc17	1453	1453	1375	23416	2359
HsInv0626	0.05	500000	7	158425350	159457063	201802.nc18	1443	1443	1365	23416	2359
HsInv0626	0.05	0	7	158925350	158957063	201802.nc17	88	88	83	1100	157
HsInv0626	0.05	0	7	158925350	158957063	201802.nc18	83	83	78	1100	157
HsInv0786	0.025	500000	16	27849273	29288451	201802.nc17	1670	1670	1592	33222	3691
HsInv0786	0.025	500000	16	27849273	29288451	201802.nc18	1668	1668	1591	33222	3691
HsInv0786	0.025	0	16	28349273	28788451	201802.nc17	286	286	272	6263	664
HsInv0786	0.025	0	16	28349273	28788451	201802.nc18	284	284	271	6263	664
HsInv0786	0.05	500000	16	27849273	29288451	201802.nc17	1670	1670	1573	33222	3051
HsInv0786	0.05	500000	16	27849273	29288451	201802.nc18	1668	1668	1572	33222	3051
HsInv0786	0.05	0	16	28349273	28788451	201802.nc17	286	286	265	6263	522
HsInv0786	0.05	0	16	28349273	28788451	201802.nc18	284	284	264	6263	522
HsInv0790	0.025	500000	17	18001299	19251409	201802.nc17	1109	1109	1073	26379	2713
HsInv0790	0.025	500000	17	18001299	19251409	201802.nc18	1097	1097	1061	26379	2713
HsInv0790	0.025	0	17	18501299	18751409	201802.nc17	243	243	237	5827	702
HsInv0790	0.025	0	17	18501299	18751409	201802.nc18	243	243	237	5827	702
HsInv0790	0.05	500000	17	18001299	19251409	201802.nc17	1109	1109	1064	26379	2198
HsInv0790	0.05	500000	17	18001299	19251409	201802.nc18	1097	1097	1052	26379	2198
HsInv0790	0.05	0	17	18501299	18751409	201802.nc17	243	243	235	5827	621
HsInv0790	0.05	0	17	18501299	18751409	201802.nc18	243	243	235	5827	621
HsInv0965	0.025	500000	2	195478772	196485044	201802.nc17	1298	1298	1205	28047	3484
HsInv0965	0.025	500000	2	195478772	196485044	201802.nc18	1296	1296	1203	28047	3484
HsInv0965	0.025	0	2	195978772	195985044	201802.nc17	6	6	5	130	19
HsInv0965	0.025	0	2	195978772	195985044	201802.nc18	6	6	5	130	19
HsInv0965	0.05	500000	2	195478772	196485044	201802.nc17	1298	1298	1200	28047	2692
HsInv0965	0.05	500000	2	195478772	196485044	201802.nc18	1296	1296	1198	28047	2692
HsInv0965	0.05	0	2	195978772	195985044	201802.nc17	6	6	5	130	14
HsInv0965	0.05	0	2	195978772	195985044	201802.nc18	6	6	5	130	14
HsInv0989	0.025	500000	10	132134998	133136448	201802.nc17	2404	2404	2306	35245	5520
HsInv0989	0.025	500000	10	132134998	133136448	201802.nc18	2401	2401	2302	35245	5520
HsInv0989	0.025	0	10	132634998	132636448	201802.nc17	3	3	3	54	5
HsInv0989	0.025	0	10	132634998	132636448	201802.nc18	3	3	3	54	5
HsInv0989	0.05	500000	10	132134998	133136448	201802.nc17	2404	2404	2255	35245	4613
HsInv0989	0.05	500000	10	132134998	133136448	201802.nc18	2401	2401	2251	35245	4613
HsInv0989	0.05	0	10	132634998	132636448	201802.nc17	3	3	3	54	3
HsInv0989	0.05	0	10	132634998	132636448	201802.nc18	3	3	3	54	3
HsInv0991	0.025	500000	5	28568699	29570040	201802.nc17	1225	1225	1164	29813	4095
HsInv0991	0.025	500000	5	28568699	29570040	201802.nc18	1224	1224	1163	29813	4095
HsInv0991	0.025	0	5	29068699	29070040	201802.nc17	0	0	0	34	5
HsInv0991	0.025	0	5	29068699	29070040	201802.nc18	0	0	0	34	5
HsInv0991	0.05	500000	5	28568699	29570040	201802.nc17	1225	1225	1114	29813	3276
HsInv0991	0.05	500000	5	28568699	29570040	201802.nc18	1224	1224	1113	29813	3276
HsInv0991	0.05	0	5	29068699	29070040	201802.nc17	0	0	0	34	5
HsInv0991	0.05	0	5	29068699	29070040	201802.nc18	0	0	0	34	5
HsInv1057	0.025	500000	6	167106270	168278102	201802.nc17	2543	2543	2480	35600	5453
HsInv1057	0.025	500000	6	167106270	168278102	201802.nc18	2542	2542	2479	35600	5453
HsInv1057	0.025	0	6	167606270	167778102	201802.nc17	557	557	552	6380	1112
HsInv1057	0.025	0	6	167606270	167778102	201802.nc18	556	556	551	6380	1112
HsInv1057	0.05	500000	6	167106270	168278102	201802.nc17	2543	2543	2430	35600	4330
HsInv1057	0.05	500000	6	167106270	168278102	201802.nc18	2542	2542	2429	35600	4330
HsInv1057	0.05	0	6	167606270	167778102	201802.nc17	557	557	538	6380	920
HsInv1057	0.05	0	6	167606270	167778102	201802.nc18	556	556	537	6380	920
HsInv1066	0.025	500000	12	46789046	47810280	201802.nc17	1826	1826	1757	28425	3390
HsInv1066	0.025	500000	12	46789046	47810280	201802.nc18	1827	1827	1758	28425	3390
HsInv1066	0.025	0	12	47289046	47310280	201802.nc17	56	56	54	563	79
HsInv1066	0.025	0	12	47289046	47310280	201802.nc18	56	56	54	563	79
HsInv1066	0.05	500000	12	46789046	47810280	201802.nc17	1826	1826	1722	28425	2749
HsInv1066	0.05	500000	12	46789046	47810280	201802.nc18	1827	1827	1723	28425	2749
HsInv1066	0.05	0	12	47289046	47310280	201802.nc17	56	56	54	563	72
HsInv1066	0.05	0	12	47289046	47310280	201802.nc18	56	56	54	563	72
HsInv1070	0.025	500000	1	21025509	22036320	201802.nc17	1518	1518	1441	27249	2863
HsInv1070	0.025	500000	1	21025509	22036320	201802.nc18	1523	1523	1446	27249	2863
HsInv1070	0.025	0	1	21525509	21536320	201802.nc17	10	10	9	271	19
HsInv1070	0.025	0	1	21525509	21536320	201802.nc18	10	10	9	271	19
HsInv1070	0.05	500000	1	21025509	22036320	201802.nc17	1518	1518	1372	27249	2297
HsInv1070	0.05	500000	1	21025509	22036320	201802.nc18	1523	1523	1377	27249	2297
HsInv1070	0.05	0	1	21525509	21536320	201802.nc17	10	10	9	271	16
HsInv1070	0.05	0	1	21525509	21536320	201802.nc18	10	10	9	271	16
HsInv1075	0.025	500000	11	65513563	66524946	201802.nc17	1454	1454	1358	26772	2129
HsInv1075	0.025	500000	11	65513563	66524946	201802.nc18	1452	1452	1356	26772	2129
HsInv1075	0.025	0	11	66013563	66024946	201802.nc17	8	8	6	290	13
HsInv1075	0.025	0	11	66013563	66024946	201802.nc18	8	8	6	290	13
HsInv1075	0.05	500000	11	65513563	66524946	201802.nc17	1454	1454	1321	26772	1655
HsInv1075	0.05	500000	11	65513563	66524946	201802.nc18	1452	1452	1319	26772	1655
HsInv1075	0.05	0	11	66013563	66024946	201802.nc17	8	8	6	290	8
HsInv1075	0.05	0	11	66013563	66024946	201802.nc18	8	8	6	290	8
HsInv1110	0.025	500000	21	14670719	16111138	201802.nc17	2858	2858	2755	41133	6128
HsInv1110	0.025	500000	21	14670719	16111138	201802.nc18	2869	2869	2766	41133	6128
HsInv1110	0.025	0	21	15170719	15611138	201802.nc17	1155	1155	1114	16229	2570
HsInv1110	0.025	0	21	15170719	15611138	201802.nc18	1166	1166	1125	16229	2570
HsInv1110	0.05	500000	21	14670719	16111138	201802.nc17	2858	2858	2707	41133	5212
HsInv1110	0.05	500000	21	14670719	16111138	201802.nc18	2869	2869	2718	41133	5212
HsInv1110	0.05	0	21	15170719	15611138	201802.nc17	1155	1155	1105	16229	2226
HsInv1110	0.05	0	21	15170719	15611138	201802.nc18	1166	1166	1116	16229	2226
HsInv1111	0.025	500000	8	1680179	2843982	201802.nc17	549	548	513	53806	7528
HsInv1111	0.025	500000	8	1680179	2843982	201802.nc18	557	556	519	53806	7528
HsInv1111	0.025	0	8	2180179	2343982	201802.nc17	3	3	2	7001	1170
HsInv1111	0.025	0	8	2180179	2343982	201802.nc18	4	4	3	7001	1170
HsInv1111	0.05	500000	8	1680179	2843982	201802.nc17	549	548	508	53806	5953
HsInv1111	0.05	500000	8	1680179	2843982	201802.nc18	557	556	514	53806	5953
HsInv1111	0.05	0	8	2180179	2343982	201802.nc17	3	3	2	7001	950
HsInv1111	0.05	0	8	2180179	2343982	201802.nc18	4	4	3	7001	950
HsInv1127	0.025	500000	10	86738107	87750543	201802.nc17	1711	1711	1541	30441	3798
HsInv1127	0.025	500000	10	86738107	87750543	201802.nc18	1712	1712	1542	30441	3798
HsInv1127	0.025	0	10	87238107	87250543	201802.nc17	39	39	39	345	53
HsInv1127	0.025	0	10	87238107	87250543	201802.nc18	39	39	39	345	53
HsInv1127	0.05	500000	10	86738107	87750543	201802.nc17	1711	1711	1482	30441	2830
HsInv1127	0.05	500000	10	86738107	87750543	201802.nc18	1712	1712	1483	30441	2830
HsInv1127	0.05	0	10	87238107	87250543	201802.nc17	39	39	39	345	41
HsInv1127	0.05	0	10	87238107	87250543	201802.nc18	39	39	39	345	41
HsInv1128	0.025	500000	14	25107393	26118838	201802.nc17	2242	2242	2179	29439	3846
HsInv1128	0.025	500000	14	25107393	26118838	201802.nc18	2243	2243	2180	29439	3846
HsInv1128	0.025	0	14	25607393	25618838	201802.nc17	29	29	29	353	75
HsInv1128	0.025	0	14	25607393	25618838	201802.nc18	29	29	29	353	75
HsInv1128	0.05	500000	14	25107393	26118838	201802.nc17	2242	2242	2152	29439	3128
HsInv1128	0.05	500000	14	25107393	26118838	201802.nc18	2243	2243	2153	29439	3128
HsInv1128	0.05	0	14	25607393	25618838	201802.nc17	29	29	29	353	44
HsInv1128	0.05	0	14	25607393	25618838	201802.nc18	29	29	29	353	44
HsInv1129	0.025	500000	4	101094641	102106597	201802.nc17	1816	1816	1744	27097	3455
HsInv1129	0.025	500000	4	101094641	102106597	201802.nc18	1818	1818	1746	27097	3455
HsInv1129	0.025	0	4	101594641	101606597	201802.nc17	25	25	25	308	36
HsInv1129	0.025	0	4	101594641	101606597	201802.nc18	25	25	25	308	36
HsInv1129	0.05	500000	4	101094641	102106597	201802.nc17	1816	1816	1714	27097	2820
HsInv1129	0.05	500000	4	101094641	102106597	201802.nc18	1818	1818	1716	27097	2820
HsInv1129	0.05	0	4	101594641	101606597	201802.nc17	25	25	25	308	34
HsInv1129	0.05	0	4	101594641	101606597	201802.nc18	25	25	25	308	34
HsInv1143	0.025	500000	1	48435919	49446299	201802.nc17	1433	1433	1376	27024	3066
HsInv1143	0.025	500000	1	48435919	49446299	201802.nc18	1433	1433	1376	27024	3066
HsInv1143	0.025	0	1	48935919	48946299	201802.nc17	11	11	11	294	38
HsInv1143	0.025	0	1	48935919	48946299	201802.nc18	11	11	11	294	38
HsInv1143	0.05	500000	1	48435919	49446299	201802.nc17	1433	1433	1358	27024	2277
HsInv1143	0.05	500000	1	48435919	49446299	201802.nc18	1433	1433	1358	27024	2277
HsInv1143	0.05	0	1	48935919	48946299	201802.nc17	11	11	11	294	29
HsInv1143	0.05	0	1	48935919	48946299	201802.nc18	11	11	11	294	29
HsInv1222	0.025	500000	11	23779649	24792923	201802.nc17	2170	2170	2088	32933	4365
HsInv1222	0.025	500000	11	23779649	24792923	201802.nc18	2170	2170	2088	32933	4365
HsInv1222	0.025	0	11	24279649	24292923	201802.nc17	24	24	24	408	48
HsInv1222	0.025	0	11	24279649	24292923	201802.nc18	24	24	24	408	48
HsInv1222	0.05	500000	11	23779649	24792923	201802.nc17	2170	2170	2032	32933	3592
HsInv1222	0.05	500000	11	23779649	24792923	201802.nc18	2170	2170	2032	32933	3592
HsInv1222	0.05	0	11	24279649	24292923	201802.nc17	24	24	24	408	35
HsInv1222	0.05	0	11	24279649	24292923	201802.nc18	24	24	24	408	35
HsInv1256	0.025	500000	12	39354981	40365368	201802.nc17	1196	1196	1121	28574	2800
HsInv1256	0.025	500000	12	39354981	40365368	201802.nc18	1202	1202	1127	28574	2800
HsInv1256	0.025	0	12	39854981	39865368	201802.nc17	2	2	2	307	12
HsInv1256	0.025	0	12	39854981	39865368	201802.nc18	2	2	2	307	12
HsInv1256	0.05	500000	12	39354981	40365368	201802.nc17	1196	1196	1079	28574	2252
HsInv1256	0.05	500000	12	39354981	40365368	201802.nc18	1202	1202	1085	28574	2252
HsInv1256	0.05	0	12	39854981	39865368	201802.nc17	2	2	1	307	10
HsInv1256	0.05	0	12	39854981	39865368	201802.nc18	2	2	1	307	10
HsInv1258	0.025	500000	12	46525460	47538410	201802.nc17	1539	1539	1470	28395	2893
HsInv1258	0.025	500000	12	46525460	47538410	201802.nc18	1540	1540	1471	28395	2893
HsInv1258	0.025	0	12	47025460	47038410	201802.nc17	20	20	19	305	40
HsInv1258	0.025	0	12	47025460	47038410	201802.nc18	20	20	19	305	40
HsInv1258	0.05	500000	12	46525460	47538410	201802.nc17	1539	1539	1441	28395	2379
HsInv1258	0.05	500000	12	46525460	47538410	201802.nc18	1540	1540	1442	28395	2379
HsInv1258	0.05	0	12	47025460	47038410	201802.nc17	20	20	18	305	34
HsInv1258	0.05	0	12	47025460	47038410	201802.nc18	20	20	18	305	34
HsInv1264	0.025	500000	12	71204550	72215286	201802.nc17	1711	1711	1617	26595	3099
HsInv1264	0.025	500000	12	71204550	72215286	201802.nc18	1714	1714	1620	26595	3099
HsInv1264	0.025	0	12	71704550	71715286	201802.nc17	11	11	10	269	25
HsInv1264	0.025	0	12	71704550	71715286	201802.nc18	11	11	10	269	25
HsInv1264	0.05	500000	12	71204550	72215286	201802.nc17	1711	1711	1594	26595	2453
HsInv1264	0.05	500000	12	71204550	72215286	201802.nc18	1714	1714	1597	26595	2453
HsInv1264	0.05	0	12	71704550	71715286	201802.nc17	11	11	10	269	22
HsInv1264	0.05	0	12	71704550	71715286	201802.nc18	11	11	10	269	22
HsInv1321	0.025	500000	14	65337539	66348135	201802.nc17	1167	1167	1121	28004	3085
HsInv1321	0.025	500000	14	65337539	66348135	201802.nc18	1168	1168	1122	28004	3085
HsInv1321	0.025	0	14	65837539	65848135	201802.nc17	14	14	14	296	45
HsInv1321	0.025	0	14	65837539	65848135	201802.nc18	14	14	14	296	45
HsInv1321	0.05	500000	14	65337539	66348135	201802.nc17	1167	1167	1097	28004	2407
HsInv1321	0.05	500000	14	65337539	66348135	201802.nc18	1168	1168	1098	28004	2407
HsInv1321	0.05	0	14	65837539	65848135	201802.nc17	14	14	13	296	24
HsInv1321	0.05	0	14	65837539	65848135	201802.nc18	14	14	13	296	24
HsInv1348	0.025	500000	16	48400805	49411232	201802.nc17	1559	1559	1458	28351	2720
HsInv1348	0.025	500000	16	48400805	49411232	201802.nc18	1560	1560	1458	28351	2720
HsInv1348	0.025	0	16	48900805	48911232	201802.nc17	39	39	35	335	43
HsInv1348	0.025	0	16	48900805	48911232	201802.nc18	39	39	35	335	43
HsInv1348	0.05	500000	16	48400805	49411232	201802.nc17	1559	1559	1434	28351	2193
HsInv1348	0.05	500000	16	48400805	49411232	201802.nc18	1560	1560	1434	28351	2193
HsInv1348	0.05	0	16	48900805	48911232	201802.nc17	39	39	33	335	35
HsInv1348	0.05	0	16	48900805	48911232	201802.nc18	39	39	33	335	35
HsInv1358	0.025	500000	17	5089699	6100567	201802.nc17	1885	1885	1836	31074	4339
HsInv1358	0.025	500000	17	5089699	6100567	201802.nc18	1884	1884	1835	31074	4339
HsInv1358	0.025	0	17	5589699	5600567	201802.nc17	0	0	0	331	63
HsInv1358	0.025	0	17	5589699	5600567	201802.nc18	0	0	0	331	63
HsInv1358	0.05	500000	17	5089699	6100567	201802.nc17	1885	1885	1816	31074	3488
HsInv1358	0.05	500000	17	5089699	6100567	201802.nc18	1884	1884	1815	31074	3488
HsInv1358	0.05	0	17	5589699	5600567	201802.nc17	0	0	0	331	48
HsInv1358	0.05	0	17	5589699	5600567	201802.nc18	0	0	0	331	48
HsInv1402	0.025	500000	2	33259584	34270269	201802.nc17	2302	2302	2218	35857	4862
HsInv1402	0.025	500000	2	33259584	34270269	201802.nc18	2303	2303	2219	35857	4862
HsInv1402	0.025	0	2	33759584	33770269	201802.nc17	18	18	18	330	40
HsInv1402	0.025	0	2	33759584	33770269	201802.nc18	18	18	18	330	40
HsInv1402	0.05	500000	2	33259584	34270269	201802.nc17	2302	2302	2176	35857	3765
HsInv1402	0.05	500000	2	33259584	34270269	201802.nc18	2303	2303	2177	35857	3765
HsInv1402	0.05	0	2	33759584	33770269	201802.nc17	18	18	18	330	34
HsInv1402	0.05	0	2	33759584	33770269	201802.nc18	18	18	18	330	34
HsInv1569	0.025	500000	5	7752557	8765716	201802.nc17	2658	2658	2488	31018	4648
HsInv1569	0.025	500000	5	7752557	8765716	201802.nc18	2660	2660	2490	31018	4648
HsInv1569	0.025	0	5	8252557	8265716	201802.nc17	29	29	28	339	44
HsInv1569	0.025	0	5	8252557	8265716	201802.nc18	29	29	28	339	44
HsInv1569	0.05	500000	5	7752557	8765716	201802.nc17	2658	2658	2457	31018	3917
HsInv1569	0.05	500000	5	7752557	8765716	201802.nc18	2660	2660	2459	31018	3917
HsInv1569	0.05	0	5	8252557	8265716	201802.nc17	29	29	28	339	37
HsInv1569	0.05	0	5	8252557	8265716	201802.nc18	29	29	28	339	37
HsInv1590	0.025	500000	5	113753084	114766541	201802.nc17	2087	77	1998	35103	3654
HsInv1590	0.025	500000	5	113753084	114766541	201802.nc18	2090	77	2001	35103	3654
HsInv1590	0.025	0	5	114253084	114266541	201802.nc17	42	42	40	578	55
HsInv1590	0.025	0	5	114253084	114266541	201802.nc18	42	42	40	578	55
HsInv1590	0.05	500000	5	113753084	114766541	201802.nc17	2087	77	1875	35103	2891
HsInv1590	0.05	500000	5	113753084	114766541	201802.nc18	2090	77	1878	35103	2891
HsInv1590	0.05	0	5	114253084	114266541	201802.nc17	42	42	37	578	49
HsInv1590	0.05	0	5	114253084	114266541	201802.nc18	42	42	37	578	49
HsInv1798	0.025	500000	12	49677518	50687964	201802.nc17	747	747	685	26338	2264
HsInv1798	0.025	500000	12	49677518	50687964	201802.nc18	747	747	685	26338	2264
HsInv1798	0.025	0	12	50177518	50187964	201802.nc17	12	12	11	278	22
HsInv1798	0.025	0	12	50177518	50187964	201802.nc18	12	12	11	278	22
HsInv1798	0.05	500000	12	49677518	50687964	201802.nc17	747	747	667	26338	1756
HsInv1798	0.05	500000	12	49677518	50687964	201802.nc18	747	747	667	26338	1756
HsInv1798	0.05	0	12	50177518	50187964	201802.nc17	12	12	11	278	19
HsInv1798	0.05	0	12	50177518	50187964	201802.nc18	12	12	11	278	19
HsInv1838	0.025	500000	7	47148638	48159986	201802.nc17	1918	1918	1848	30688	3548
HsInv1838	0.025	500000	7	47148638	48159986	201802.nc18	1919	1919	1849	30688	3548
HsInv1838	0.025	0	7	47648638	47659986	201802.nc17	20	20	20	339	31
HsInv1838	0.025	0	7	47648638	47659986	201802.nc18	20	20	20	339	31
HsInv1838	0.05	500000	7	47148638	48159986	201802.nc17	1918	1918	1835	30688	2989
HsInv1838	0.05	500000	7	47148638	48159986	201802.nc18	1919	1919	1836	30688	2989
HsInv1838	0.05	0	7	47648638	47659986	201802.nc17	20	20	19	339	24
HsInv1838	0.05	0	7	47648638	47659986	201802.nc18	20	20	19	339	24
HsInv1867	0.025	500000	1	180543390	181544074	201802.nc17	1629	1629	1557	27933	3240
HsInv1867	0.025	500000	1	180543390	181544074	201802.nc18	1630	1630	1558	27933	3240
HsInv1867	0.025	0	1	181043390	181044074	201802.nc17	0	0	0	14	0
HsInv1867	0.025	0	1	181043390	181044074	201802.nc18	0	0	0	14	0
HsInv1867	0.05	500000	1	180543390	181544074	201802.nc17	1629	1629	1449	27933	2628
HsInv1867	0.05	500000	1	180543390	181544074	201802.nc18	1630	1630	1450	27933	2628
HsInv1867	0.05	0	1	181043390	181044074	201802.nc17	0	0	0	14	0
HsInv1867	0.05	0	1	181043390	181044074	201802.nc18	0	0	0	14	0
HsInv1878	0.025	500000	9	30452353	31456482	201802.nc17	2318	2318	2244	31407	4363
HsInv1878	0.025	500000	9	30452353	31456482	201802.nc18	2319	2319	2245	31407	4363
HsInv1878	0.025	0	9	30952353	30956482	201802.nc17	9	9	8	140	16
HsInv1878	0.025	0	9	30952353	30956482	201802.nc18	9	9	8	140	16
HsInv1878	0.05	500000	9	30452353	31456482	201802.nc17	2318	2318	2215	31407	3517
HsInv1878	0.05	500000	9	30452353	31456482	201802.nc18	2319	2319	2216	31407	3517
HsInv1878	0.05	0	9	30952353	30956482	201802.nc17	9	9	8	140	9
HsInv1878	0.05	0	9	30952353	30956482	201802.nc18	9	9	8	140	9
